LogisticRegression(C=1.0, class_weight=None, dual=False, fit_intercept=True,
          intercept_scaling=1, max_iter=100, multi_class='ovr', n_jobs=1,
          penalty='l2', random_state=None, solver='liblinear', tol=0.0001,
          verbose=0, warm_start=False)
2018-03-29 15:01:35.745559 p4
2018-03-29 15:01:37.354190 p7
2018-03-29 15:01:39.040821 p2
2018-03-29 15:01:40.588357 p6
2018-03-29 15:01:42.251672 p1
2018-03-29 15:01:44.038409 p3
2018-03-29 15:01:45.750068 p5
2018-03-29 15:01:47.381663 p8
404    2   49   12    0    0    2    5    0    0    0    0    0    0    6    0    0    0    0  
  0  436    0    8    0    0   24    8    0    1    0    0    0    0    3    0    0    0    0  
 33    3  417   17    0    0    2    3    0    0    0    0    0    0    0    1    2    1    1  
 26   13   62  369    0    0    6    3    0    0    0    0    0    0    1    0    0    0    0  
  0    0    0    0  464    1    0    6    7    0    2    0    0    0    0    0    0    0    0  
  0    0    0    0    0  462    3    3   12    0    0    0    0    0    0    0    0    0    0  
 29   41    0    9    0    1  369   27    0    0    0    0    0    0    4    0    0    0    0  
 17    8    3   11   10    5   44  352    1    0    4    0    0    0    5    3    3    0   14  
  0    3    0    0   11    4    0    1  458    1    0    0    0    0    0    0    1    0    1  
  0    0    0    0    0    0    0    0    1  430   45    0    0    0    0    0    0    0    4  
  0    0    0    0    0    0    0    3   14   28  407    0   23    2    0    0    0    0    3  
  0    0    0    0    0    0    0    0    0    0    0  477    0    0    0    1    1    0    1  
  0    0    0    0    0    0    0    0    0    1    6    0  466    2    0    1    0    0    4  
  0    0    0    0    0    0    0    1    0    0    0    0    0  477    1    0    0    0    1  
  8    3    1    0    0    0    4   17    0    0    0    2    1    0  403   40    0    0    1  
  1    0    0    0    0    0    0    8    0    0    0    1    0    0   19  450    0    0    1  
  0    0    0    0    0    0    0    2    0    0    0    0    0    0    0    0  478    0    0  
  0    0    0    0    0    3    0    0    0    0    0    0    0    0    0    0    0  477    0  
  0    0    1    0    1    2    0   11    0    1    0    2    0    0    0    0    1    1  460  
0.9052631578947369 ±0.03473230078413048

KNeighborsClassifier(algorithm='auto', leaf_size=30, metric='minkowski',
           metric_params=None, n_jobs=1, n_neighbors=7, p=2,
           weights='uniform')
2018-03-29 15:01:48.990240 p4
2018-03-29 15:01:49.277442 p7
2018-03-29 15:01:49.718238 p2
2018-03-29 15:01:50.031449 p6
2018-03-29 15:01:50.305633 p1
2018-03-29 15:01:50.590322 p3
2018-03-29 15:01:50.987589 p5
2018-03-29 15:01:51.273782 p8
407    2   40   22    0    0    5    3    0    0    0    0    0    0    1    0    0    0    0  
  0  417    0    4    1    0   51    7    0    0    0    0    0    0    0    0    0    0    0  
 35    5  427    9    0    0    0    2    0    0    0    0    0    0    1    0    0    0    1  
 30    5   48  393    0    0    2    1    0    0    0    0    0    0    1    0    0    0    0  
  0    0    0    0  459    1    0    5   14    0    1    0    0    0    0    0    0    0    0  
  0    0    0    0    2  462    0    5   11    0    0    0    0    0    0    0    0    0    0  
 32   46    0    5    1    0  365   28    0    0    0    0    0    0    3    0    0    0    0  
 24   10    1    6   10    9   58  341    1    0    0    0    0    0    6    3    7    0    4  
  0    0    0    0    7    9    0    1  458    1    1    0    0    0    0    0    1    1    1  
  0    0    0    0    4    0    0    3    0  460   12    0    0    0    0    0    0    0    1  
  0    0    0    0    1    0    0    1    6   95  362    0   14    0    0    0    0    0    1  
  0    0    0    0    0    0    0    0    0    0    0  479    0    0    0    0    1    0    0  
  0    0    0    0    0    0    0    1    1    5    5    0  463    0    1    0    0    0    4  
  0    0    0    0    0    0    0    1    0    1    0    0    0  478    0    0    0    0    0  
  5    0    0    0    0    0    0   13    0    0    0    0    0    0  442   19    0    0    1  
  0    0    0    0    0    0    0   10    0    0    0    0    0    0   28  442    0    0    0  
  0    0    0    0    0    0    0    1    0    0    0    0    0    0    0    0  479    0    0  
  0    0    0    0    0    2    0    0    0    0    0    0    0    0    0    0    0  478    0  
  0    0    0    0    1    0    0   21    0    1    0    0    1    0    0    0    1    3  452  
0.906140350877193 ±0.0305384126061916

GaussianNB(priors=None)
2018-03-29 15:01:51.549968 p4
2018-03-29 15:01:51.603003 p7
2018-03-29 15:01:51.656039 p2
2018-03-29 15:01:51.708074 p6
2018-03-29 15:01:51.761109 p1
2018-03-29 15:01:51.819149 p3
2018-03-29 15:01:51.874185 p5
2018-03-29 15:01:51.926720 p8
407    1   45    8    0    0    3   11    0    0    0    0    0    0    5    0    0    0    0  
  0  441    0    2    0    0   23   14    0    0    0    0    0    0    0    0    0    0    0  
 12    3  438   14    0    0    0   11    0    0    0    0    0    0    1    0    0    0    1  
 30    5   37  395    0    0    1   11    0    0    0    0    0    0    1    0    0    0    0  
  0    0    0    0  450    2    0   18   10    0    0    0    0    0    0    0    0    0    0  
  0    0    0    0    1  449    0   16   14    0    0    0    0    0    0    0    0    0    0  
 27   48    0    6    0    0  369   29    0    0    0    0    0    0    1    0    0    0    0  
 11    8    0    2    4    3   48  394    1    0    0    0    0    0    2    1    2    0    4  
  0    0    0    0    7    3    0    6  461    0    1    0    0    0    0    0    0    0    2  
  0    0    0    0    0    0    0   13    1  416   48    0    1    0    0    0    0    0    1  
  0    0    0    0    0    0    0    9   12   19  415    0   22    0    0    0    0    0    3  
  0    0    0    0    0    0    0    4    0    0    0  472    0    0    2    0    0    0    2  
  0    0    0    0    0    0    0    5    0    0    4    0  466    0    1    0    0    0    4  
  0    0    0    0    0    0    0    3    0    0    0    0    0  472    1    1    0    1    2  
  2    0    0    0    0    0    1   19    0    0    0    0    0    0  428   30    0    0    0  
  0    0    0    0    0    0    0   14    1    0    1    0    0    0   21  443    0    0    0  
  0    0    0    0    0    0    0    3    0    0    0    0    0    0    0    0  476    0    1  
  0    0    0    0    0    3    0    0    0    0    0    0    0    0    0    0    0  477    0  
  0    0    0    0    1    0    0   26    0    0    0    0    0    0    0    0    0    0  453  
0.9125 ±0.02722391421303127

DecisionTreeClassifier(class_weight=None, criterion='gini', max_depth=None,
            max_features=None, max_leaf_nodes=None,
            min_impurity_split=1e-07, min_samples_leaf=1,
            min_samples_split=2, min_weight_fraction_leaf=0.0,
            presort=False, random_state=None, splitter='best')
2018-03-29 15:01:51.990263 p4
2018-03-29 15:01:52.447068 p7
2018-03-29 15:01:52.824322 p2
2018-03-29 15:01:53.265117 p6
2018-03-29 15:01:53.653879 p1
2018-03-29 15:01:54.008616 p3
2018-03-29 15:01:54.428897 p5
2018-03-29 15:01:54.894209 p8
330   11   44   40    2    1   33   10    0    0    0    0    2    0    5    1    1    0    0  
  7  299    1   17    0    2   99   42    3    1    1    0    0    0    6    2    0    0    0  
 36    0  408   18    0    0    9    3    0    1    1    0    0    0    3    1    0    0    0  
 22   21   31  344    0    0   39   16    0    0    1    0    0    0    5    1    0    0    0  
  0    1    0    0  436    4    1   12   14    4    1    0    0    1    1    1    1    0    3  
  0    2    0    1    1  430    2   15   12    0    1    0    0    0    2    0    0    6    8  
 26   53    3   12    0    1  293   86    0    0    0    0    2    0    1    0    2    0    1  
 17   18    3   10   16   10   59  287    1    4    4    0    2    1   14   12    5    0   17  
  0    3    0    0   22   16    1    1  398    2   13    0    1    0    1    0    1    7   14  
  0    0    0    0    8    1    0    4    4  388   59    0    0    0    5    0    0    0   11  
  0    0    0    0    7    0    0    3   15  129  300    0   16    0    3    4    1    1    1  
  2    1    0    0    0    0    0    0    0    0    0  467    1    1    1    2    0    1    4  
  1    0    0    0    2    0    2    1    1    1   16    2  415    1   10    0    0   15   13  
  0    0    1    0    0    0    0    0    0    1    0    0    0  478    0    0    0    0    0  
 13    5    3    2    0    1   10   17    0    0    5    0    6    0  356   60    0    0    2  
  1    0    0    0    2    0    1    5    0    2    0    0    0    1   60  407    0    0    1  
  0    0    0    0    0    0    1    9    2    0    0    0    0    0    0    0  468    0    0  
  0    0    0    0    0    5    0    1    5    0    2    1    0   13    0    2    0  445    6  
  0    1    0    0    4    2    1   21    2    3    5    3    5    1    1    1    0    4  426  
0.8086622807017543 ±0.04890977754644737

RandomForestClassifier(bootstrap=True, class_weight=None, criterion='gini',
            max_depth=None, max_features='auto', max_leaf_nodes=None,
            min_impurity_split=1e-07, min_samples_leaf=1,
            min_samples_split=2, min_weight_fraction_leaf=0.0,
            n_estimators=10, n_jobs=1, oob_score=False, random_state=None,
            verbose=0, warm_start=False)
2018-03-29 15:01:55.261957 p4
2018-03-29 15:01:55.803820 p7
2018-03-29 15:01:56.359692 p2
2018-03-29 15:01:56.869535 p6
2018-03-29 15:01:57.405394 p1
2018-03-29 15:01:57.888718 p3
2018-03-29 15:01:58.438628 p5
2018-03-29 15:01:58.987497 p8
386    2   43   27    0    0    8    9    0    0    0    0    1    0    4    0    0    0    0  
  2  387    0    5    1    0   66   19    0    0    0    0    0    0    0    0    0    0    0  
 31    2  420   17    0    0    1    5    0    0    0    3    0    0    0    0    0    0    1  
 45   22   23  381    0    0    6    2    0    0    0    0    0    0    1    0    0    0    0  
  0    1    0    0  457    2    0   12    7    1    0    0    0    0    0    0    0    0    0  
  0    0    0    0    2  453    1   11   11    0    0    0    0    0    0    0    0    2    0  
 27   52    2    9    0    0  339   51    0    0    0    0    0    0    0    0    0    0    0  
 16   15    1    5    9   12   50  348    1    0    0    0    0    0    8    4    4    0    7  
  0    1    0    0   20    8    0    3  443    1    3    0    0    0    0    0    1    0    0  
  0    0    0    0    1    0    0    5    0  434   38    1    1    0    0    0    0    0    0  
  0    0    0    0    0    0    0    4    4   50  379    0   40    0    0    0    0    0    3  
  1    1    1    0    0    0    0    1    0    0    0  475    0    0    0    0    0    1    0  
  0    0    0    0    1    0    0    1    0    2    9    0  463    1    1    0    0    0    2  
  0    0    0    0    0    0    0    1    0    0    0    4    1  473    1    0    0    0    0  
  5    2    0    1    0    1    1   15    0    0    1    2    0    0  427   23    0    0    2  
  0    1    2    0    1    1    0   11    0    0    0    1    1    0   55  407    0    0    0  
  0    0    0    1    0    0    0    4    0    0    0    0    0    0    0    0  475    0    0  
  0    0    0    1    0    5    0    1    1    0    0    1    0    0    0    0    0  470    1  
  0    1    0    2    3    1    1   11    1    1    3    2    0    0    0    0    0    3  451  
0.8846491228070175 ±0.031275958747380816

SVC(C=1.0, cache_size=200, class_weight=None, coef0=0.0,
  decision_function_shape=None, degree=3, gamma='auto', kernel='rbf',
  max_iter=-1, probability=False, random_state=None, shrinking=True,
  tol=0.001, verbose=False)
2018-03-29 15:01:59.538367 p4
2018-03-29 15:02:01.576756 p7
2018-03-29 15:02:03.498545 p2
2018-03-29 15:02:05.399821 p6
2018-03-29 15:02:07.439189 p1
2018-03-29 15:02:09.338461 p3
2018-03-29 15:02:11.008599 p5
2018-03-29 15:02:12.936910 p8
389    1   47   24    0    0    2    9    0    0    0    0    0    0    5    0    0    0    3  
  1  402    0    2    0    0   65   10    0    0    0    0    0    0    0    0    0    0    0  
 32    2  411    7    0    0    2    8    0    0    0    0    0    0    1    0    0    0   17  
 27    3   48  382    0    0    4    9    0    0    0    0    0    0    0    0    0    0    7  
  0    0    0    0  457    1    0   10   11    0    0    0    0    0    0    0    0    0    1  
  0    0    0    0    1  457    1   11   10    0    0    0    0    0    0    0    0    0    0  
 21   25    0    9    0    0  384   39    0    0    0    0    0    0    2    0    0    0    0  
 11    7    0    4    5    1   39  398    0    0    0    0    0    0    5    0    1    0    9  
  0    0    0    0    8    6    0    5  459    0    0    0    0    0    0    0    0    0    2  
  0    0    0    0    1    0    0    2    0  445   25    0    0    0    0    0    0    0    7  
  0    0    0    0    0    0    0    8    3   36  402    0   20    0    0    0    0    0   11  
  0    0    0    0    0    0    0    0    0    0    0  466    0    0    0    0    0    0   14  
  0    0    0    0    0    0    0    3    0    0    5    0  459    0    0    1    0    0   12  
  0    0    0    0    0    0    0    2    0    0    0    0    0  472    0    0    0    0    6  
  5    1    0    0    0    0    0   21    0    0    0    0    0    0  418   24    0    0   11  
  0    0    0    0    0    0    0   10    0    0    1    0    0    0   22  446    0    0    1  
  0    0    0    0    0    0    0    2    0    0    0    0    0    0    0    0  477    0    1  
  0    0    0    0    0    2    0    0    0    0    0    0    0    0    0    0    0  457   21  
  0    0    0    0    2    0    0   15    0    0    0    0    0    0    0    0    0    0  463  
0.9039473684210526 ±0.03170357959386176

LinearSVC(C=1.0, class_weight=None, dual=True, fit_intercept=True,
     intercept_scaling=1, loss='squared_hinge', max_iter=1000,
     multi_class='ovr', penalty='l2', random_state=None, tol=0.0001,
     verbose=0)
2018-03-29 15:02:14.910479 p4
2018-03-29 15:02:16.976880 p7
2018-03-29 15:02:18.646021 p2
2018-03-29 15:02:20.570327 p6
2018-03-29 15:02:22.616198 p1
2018-03-29 15:02:24.371877 p3
2018-03-29 15:02:26.091559 p5
2018-03-29 15:02:27.811714 p8
401    2   51   12    0    0    2    6    0    0    0    0    0    0    6    0    0    0    0  
  0  433    0    7    0    0   26    9    0    1    0    0    0    0    4    0    0    0    0  
 32    2  420   16    0    0    2    3    0    0    0    0    0    0    0    0    3    1    1  
 25   12   61  369    0    0    6    3    0    0    3    0    0    0    1    0    0    0    0  
  0    1    0    0  461    1    0    6    9    0    2    0    0    0    0    0    0    0    0  
  0    0    0    0    0  456    4    7   12    0    0    0    0    0    0    0    0    1    0  
 29   41    0    9    1    2  368   25    0    0    0    0    0    0    5    0    0    0    0  
 18    9    3   11    9    5   45  350    1    0    3    0    0    0    6    3    1    0   16  
  0    3    0    0   12    4    0    1  457    1    0    0    0    0    0    0    1    0    1  
  0    0    0    0    0    0    0    3    1  433   42    0    0    0    0    0    0    0    1  
  0    0    0    1    0    0    0    8   13   27  402    1   24    1    1    0    0    0    2  
  0    0    0    0    0    0    0    0    0    0    0  476    0    0    1    1    1    0    1  
  0    0    0    0    0    0    0    1    0    2    8    0  463    2    0    1    0    0    3  
  0    0    0    0    0    0    0    1    0    0    0    0    0  478    1    0    0    0    0  
  7    3    1    1    0    0    4   17    0    0    0    1    1    0  403   41    0    0    1  
  1    0    0    0    0    0    0    9    0    0    1    1    0    0   17  450    0    0    1  
  0    0    0    0    0    0    0    1    0    0    0    0    0    0    0    0  479    0    0  
  0    0    0    0    0    3    0    0    0    0    0    0    0    0    0    0    0  477    0  
  0    0    1    0    1    2    0   10    0    1    0    1    0    0    0    0    1    1  462  
0.9032894736842105 ±0.03425758683968842

MLPClassifier(activation='relu', alpha=0.0001, batch_size='auto', beta_1=0.9,
       beta_2=0.999, early_stopping=False, epsilon=1e-08,
       hidden_layer_sizes=(100,), learning_rate='constant',
       learning_rate_init=0.001, max_iter=200, momentum=0.9,
       nesterovs_momentum=True, power_t=0.5, random_state=None,
       shuffle=True, solver='adam', tol=0.0001, validation_fraction=0.1,
       verbose=False, warm_start=False)
2018-03-29 15:02:29.445814 p4
2018-03-29 15:02:43.464414 p7
2018-03-29 15:02:58.487032 p2
2018-03-29 15:03:12.931469 p6
2018-03-29 15:03:26.093217 p1
2018-03-29 15:03:39.864510 p3
2018-03-29 15:03:54.634889 p5
2018-03-29 15:04:09.249179 p8
370    0   51   23    0    0   21    7    0    0    1    0    1    0    6    0    0    0    0  
  1  340    0    5    0    0  119   13    1    0    0    0    0    0    1    0    0    0    0  
 49    2  407   15    0    0    1    4    0    0    0    0    0    0    0    0    0    1    1  
 20    3   61  376    0    0   12    7    0    0    0    0    0    0    1    0    0    0    0  
  0    0    0    0  457    1    1    6   12    1    1    0    0    0    0    0    0    0    1  
  1    0    0    0    0  467    0    5    6    0    0    0    0    0    0    0    0    1    0  
 29   27    0   12    1    1  363   45    0    0    0    0    0    0    2    0    0    0    0  
 16   12    3    4    8    3   48  348    2    0    5    0    1    0   11    5    1    1   12  
  0    0    0    0   12    6    0    3  457    0    1    0    0    0    0    0    0    1    0  
  0    2    0    0    2    0    0    2    0  439   34    0    0    0    0    0    0    0    1  
  0    0    1    0    0    0    0    1    5   54  362    0   55    0    0    1    0    0    1  
  0    0    0    0    0    0    0    0    0    0    1  476    1    0    0    1    0    0    1  
  0    0    0    0    0    0    0    0    0    3    5    0  463    2    2    1    1    0    3  
  0    0    0    0    0    0    0    0    0    0    1    0    0  478    1    0    0    0    0  
 13    1    1    0    0    0    1   23    0    0    0    0    1    1  401   38    0    0    0  
  0    0    1    0    0    0    0    4    0    0    0    0    0    0   20  453    0    0    2  
  0    0    0    0    0    0    0    3    0    0    0    0    0    0    0    0  477    0    0  
  0    0    0    0    0    2    0    0    0    0    0    0    0    0    0    0    0  478    0  
  0    0    0    0    1    0    0   16    1    0    0    2    6    1    0    1    1    0  451  
0.8841008771929824 ±0.030962046671736704
