LogisticRegression(C=1.0, class_weight=None, dual=False, fit_intercept=True,
          intercept_scaling=1, max_iter=100, multi_class='ovr', n_jobs=1,
          penalty='l2', random_state=None, solver='liblinear', tol=0.0001,
          verbose=0, warm_start=False)
2018-03-29 16:20:12.364377 p4
2018-03-29 16:20:14.440269 p7
2018-03-29 16:20:16.528170 p2
2018-03-29 16:20:18.659635 p6
2018-03-29 16:20:20.783560 p1
2018-03-29 16:20:22.917030 p3
2018-03-29 16:20:25.173546 p5
2018-03-29 16:20:27.373521 p8
473    0    5    0    0    0    0    2    0    0    0    0    0    0    0    0    0    0    0  
  0  467    0    0    0    0    9    4    0    0    0    0    0    0    0    0    0    0    0  
  1    0  478    0    0    0    0    0    0    0    0    0    0    0    0    0    0    0    1  
  0    0    0  480    0    0    0    0    0    0    0    0    0    0    0    0    0    0    0  
  0    0    0    0  480    0    0    0    0    0    0    0    0    0    0    0    0    0    0  
  0    0    0    0    0  480    0    0    0    0    0    0    0    0    0    0    0    0    0  
  1   29    0    0    0    0  417   33    0    0    0    0    0    0    0    0    0    0    0  
  0    8    0    0    1    1   49  420    0    0    0    0    0    0    0    0    0    0    1  
  0    0    0    0    0    1    0    0  479    0    0    0    0    0    0    0    0    0    0  
  0    0    0    0    0    0    0    0    0  474    6    0    0    0    0    0    0    0    0  
  0    0    0    0    0    0    0    0    0   23  457    0    0    0    0    0    0    0    0  
  0    0    0    0    0    0    0    0    0    0    0  480    0    0    0    0    0    0    0  
  0    0    0    0    0    0    0    0    0    0    0    0  480    0    0    0    0    0    0  
  0    0    0    0    1    0    0    0    0    0    0    0    0  479    0    0    0    0    0  
  0    0    0    0    0    0    0    0    0    0    0    0    0    0  480    0    0    0    0  
  0    0    0    0    0    0    0    0    0    0    0    0    0    0    0  480    0    0    0  
  0    0    0    0    0    0    0    0    0    0    0    0    0    0    0    0  480    0    0  
  0    0    0    0    0    0    0    0    0    0    0    0    0    0    0    0    0  480    0  
  0    0    0    0    0    1    0    6    0    0    0    0    0    0    0    0    0    0  473  
0.9799342105263158 ±0.007564200189038211

KNeighborsClassifier(algorithm='auto', leaf_size=30, metric='minkowski',
           metric_params=None, n_jobs=1, n_neighbors=7, p=2,
           weights='uniform')
2018-03-29 16:20:29.576998 p4
2018-03-29 16:20:29.709085 p7
2018-03-29 16:20:29.854184 p2
2018-03-29 16:20:29.991776 p6
2018-03-29 16:20:30.129368 p1
2018-03-29 16:20:30.264459 p3
2018-03-29 16:20:30.411557 p5
2018-03-29 16:20:30.542645 p8
480    0    0    0    0    0    0    0    0    0    0    0    0    0    0    0    0    0    0  
  0  452    0    0    0    0   27    1    0    0    0    0    0    0    0    0    0    0    0  
  0    0  480    0    0    0    0    0    0    0    0    0    0    0    0    0    0    0    0  
  0    0    0  480    0    0    0    0    0    0    0    0    0    0    0    0    0    0    0  
  0    0    0    0  479    0    0    1    0    0    0    0    0    0    0    0    0    0    0  
  0    0    0    0    0  480    0    0    0    0    0    0    0    0    0    0    0    0    0  
  0   31    0    0    0    0  423   26    0    0    0    0    0    0    0    0    0    0    0  
  0   10    0    0    1    1   67  401    0    0    0    0    0    0    0    0    0    0    0  
  0    0    0    0    0    1    0    0  479    0    0    0    0    0    0    0    0    0    0  
  0    0    0    0    0    0    0    0    0  476    4    0    0    0    0    0    0    0    0  
  0    0    0    0    0    0    0    0    0   28  452    0    0    0    0    0    0    0    0  
  0    0    0    0    0    0    0    0    0    0    0  480    0    0    0    0    0    0    0  
  0    0    0    0    0    0    0    0    0    0    0    0  480    0    0    0    0    0    0  
  0    0    0    0    1    0    0    0    0    0    0    0    0  479    0    0    0    0    0  
  0    0    0    0    0    0    0    0    0    0    0    0    0    0  480    0    0    0    0  
  0    0    0    0    0    0    0    0    0    0    0    0    0    0    0  480    0    0    0  
  0    0    0    0    0    0    0    0    0    0    0    0    0    0    0    0  480    0    0  
  0    0    0    0    0    0    0    0    0    0    0    0    0    0    0    0    0  480    0  
  0    0    0    0    0    0    0    8    0    0    0    0    0    0    0    0    0    0  472  
0.9773026315789474 ±0.009732865277644238

GaussianNB(priors=None)
2018-03-29 16:20:30.688243 p4
2018-03-29 16:20:30.741778 p7
2018-03-29 16:20:30.794313 p2
2018-03-29 16:20:30.847350 p6
2018-03-29 16:20:30.901386 p1
2018-03-29 16:20:30.958925 p3
2018-03-29 16:20:31.014462 p5
2018-03-29 16:20:31.067997 p8
480    0    0    0    0    0    0    0    0    0    0    0    0    0    0    0    0    0    0  
  0  458    0    0    0    0   20    2    0    0    0    0    0    0    0    0    0    0    0  
  0    0  480    0    0    0    0    0    0    0    0    0    0    0    0    0    0    0    0  
  0    0    0  480    0    0    0    0    0    0    0    0    0    0    0    0    0    0    0  
  0    0    0    0  479    0    0    1    0    0    0    0    0    0    0    0    0    0    0  
  0    0    0    0    0  479    0    1    0    0    0    0    0    0    0    0    0    0    0  
  0   26    0    0    0    0  432   22    0    0    0    0    0    0    0    0    0    0    0  
  0    7    0    0    0    0   59  414    0    0    0    0    0    0    0    0    0    0    0  
  0    0    0    0    0    1    0    0  479    0    0    0    0    0    0    0    0    0    0  
  0    0    0    0    0    0    0    0    0  479    1    0    0    0    0    0    0    0    0  
  0    0    0    0    0    0    0    0    0   26  453    0    0    0    0    0    0    0    1  
  0    0    0    0    0    0    0    0    0    0    0  480    0    0    0    0    0    0    0  
  0    0    0    0    0    0    0    2    0    0    0    0  475    0    0    0    0    0    3  
  0    0    0    0    0    0    0    0    0    0    0    0    1  474    0    0    0    0    5  
  0    0    0    0    0    0    0    0    0    0    0    0    0    0  480    0    0    0    0  
  0    0    0    0    0    0    0    0    0    0    0    0    0    0    0  479    0    0    1  
  0    0    0    0    0    0    0    0    0    0    0    0    0    0    0    0  480    0    0  
  0    0    0    0    0    0    0    0    0    0    0    0    0    0    0    0    0  480    0  
  0    0    0    0    0    0    0   11    0    0    0    0    0    0    0    0    0    0  469  
0.9791666666666666 ±0.008834753104598095

DecisionTreeClassifier(class_weight=None, criterion='gini', max_depth=None,
            max_features=None, max_leaf_nodes=None,
            min_impurity_split=1e-07, min_samples_leaf=1,
            min_samples_split=2, min_weight_fraction_leaf=0.0,
            presort=False, random_state=None, splitter='best')
2018-03-29 16:20:31.141048 p4
2018-03-29 16:20:31.372701 p7
2018-03-29 16:20:31.603357 p2
2018-03-29 16:20:31.866033 p6
2018-03-29 16:20:32.095687 p1
2018-03-29 16:20:32.323840 p3
2018-03-29 16:20:32.551494 p5
2018-03-29 16:20:32.792655 p8
478    0    1    0    0    0    0    0    0    0    0    0    0    0    0    1    0    0    0  
  0  421    0    0    0    0   36   23    0    0    0    0    0    0    0    0    0    0    0  
  1    0  477    2    0    0    0    0    0    0    0    0    0    0    0    0    0    0    0  
  0    0    6  474    0    0    0    0    0    0    0    0    0    0    0    0    0    0    0  
  0    1    0    0  465    0    0    3    1    1    0    0    7    2    0    0    0    0    0  
  0    0    0    0    0  468    1    6    4    0    0    0    1    0    0    0    0    0    0  
  0   27    0    0    4    0  371   77    0    0    0    0    1    0    0    0    0    0    0  
  0   11    0    0    0    2   70  393    1    0    0    0    1    0    0    0    0    0    2  
  0    0    0    0    0    0    0    1  474    1    3    0    1    0    0    0    0    0    0  
  0    0    0    0    0    0    0    0    0  458   22    0    0    0    0    0    0    0    0  
  0    0    0    0    0    0    0    0    0   12  468    0    0    0    0    0    0    0    0  
  0    0    0    0    0    0    0    0    0    0    0  480    0    0    0    0    0    0    0  
  0    0    0    0    0    0    1    1    2    0    0    0  471    0    0    0    0    0    5  
  0    0    0    0    1    1    0    0    0    0    0    0    3  474    0    0    0    0    1  
  0    0    0    0    0    0    0    0    0    0    0    0    0    0  480    0    0    0    0  
  0    0    0    0    0    0    0    0    0    0    0    0    1    0    6  473    0    0    0  
  0    0    0    2    0    0    0    0    0    0    0    0    0    0    0    0  478    0    0  
  0    0    0    0    0    0    1    0    0    0    0    0    0    0    0    0    0  479    0  
  0    0    0    0    1    0    0    3    0    0    0    0    2    0    0    0    0    0  474  
0.9600877192982455 ±0.013165202648950573

RandomForestClassifier(bootstrap=True, class_weight=None, criterion='gini',
            max_depth=None, max_features='auto', max_leaf_nodes=None,
            min_impurity_split=1e-07, min_samples_leaf=1,
            min_samples_split=2, min_weight_fraction_leaf=0.0,
            n_estimators=10, n_jobs=1, oob_score=False, random_state=None,
            verbose=0, warm_start=False)
2018-03-29 16:20:33.083349 p4
2018-03-29 16:20:33.488701 p7
2018-03-29 16:20:33.870957 p2
2018-03-29 16:20:34.287736 p6
2018-03-29 16:20:34.668992 p1
2018-03-29 16:20:35.064257 p3
2018-03-29 16:20:35.487542 p5
2018-03-29 16:20:35.872299 p8
479    0    1    0    0    0    0    0    0    0    0    0    0    0    0    0    0    0    0  
  0  453    0    0    0    0   22    5    0    0    0    0    0    0    0    0    0    0    0  
  0    0  479    1    0    0    0    0    0    0    0    0    0    0    0    0    0    0    0  
  0    0    0  480    0    0    0    0    0    0    0    0    0    0    0    0    0    0    0  
  0    0    0    0  479    0    0    0    1    0    0    0    0    0    0    0    0    0    0  
  0    0    0    0    1  479    0    0    0    0    0    0    0    0    0    0    0    0    0  
  0   35    0    0    0    0  407   38    0    0    0    0    0    0    0    0    0    0    0  
  0   10    0    0    0    2   56  409    1    0    0    0    0    0    0    0    0    0    2  
  0    0    0    0    0    3    0    0  476    0    0    0    1    0    0    0    0    0    0  
  0    0    0    0    0    0    0    0    0  475    5    0    0    0    0    0    0    0    0  
  0    0    0    0    0    0    0    0    0   28  452    0    0    0    0    0    0    0    0  
  0    0    0    0    0    0    0    0    0    0    0  480    0    0    0    0    0    0    0  
  0    0    0    0    1    3    0    1    0    0    0    0  474    0    0    0    0    0    1  
  0    0    0    0    0    0    0    0    0    0    0    0    1  479    0    0    0    0    0  
  0    0    0    0    0    0    0    0    0    0    0    0    0    0  480    0    0    0    0  
  0    0    0    0    0    0    0    0    0    0    0    0    0    0    0  480    0    0    0  
  0    0    0    0    0    0    0    0    0    0    0    0    0    0    0    0  480    0    0  
  0    0    0    0    0    0    0    0    0    0    0    0    0    0    0    0    0  480    0  
  0    0    0    0    0    1    0    9    0    0    0    0    0    0    0    0    0    0  470  
0.9748903508771929 ±0.010285415024904604

SVC(C=1.0, cache_size=200, class_weight=None, coef0=0.0,
  decision_function_shape=None, degree=3, gamma='auto', kernel='rbf',
  max_iter=-1, probability=False, random_state=None, shrinking=True,
  tol=0.001, verbose=False)
2018-03-29 16:20:36.297584 p4
2018-03-29 16:20:38.275412 p7
2018-03-29 16:20:40.263244 p2
2018-03-29 16:20:42.124529 p6
2018-03-29 16:20:44.232442 p1
2018-03-29 16:20:46.252298 p3
2018-03-29 16:20:48.270688 p5
2018-03-29 16:20:50.359098 p8
472    0    0    0    0    0    0    0    0    0    0    0    0    0    0    0    0    0    8  
  0  421    0    0    0    0   47    7    0    0    0    0    0    0    0    0    0    0    5  
  0    0  457    0    0    0    0    0    0    0    0    0    0    0    0    0    0    0   23  
  0    0    0  469    0    0    0    0    0    0    0    0    0    0    0    0    0    0   11  
  0    0    0    0  474    0    0    4    0    0    0    0    0    0    0    0    0    0    2  
  0    0    0    0    0  474    0    4    0    0    0    0    0    0    0    0    0    0    2  
  0   25    0    0    0    0  406   49    0    0    0    0    0    0    0    0    0    0    0  
  0    1    0    0    0    0   52  424    0    0    0    0    0    0    0    0    0    0    3  
  0    0    0    0    0    1    0    0  479    0    0    0    0    0    0    0    0    0    0  
  0    0    0    0    0    0    0    0    0  475    2    0    0    0    0    0    0    0    3  
  0    0    0    0    0    0    0    1    0   17  457    0    0    0    0    0    0    0    5  
  0    0    0    0    0    0    0    0    0    0    0  477    0    0    0    0    0    0    3  
  0    0    0    0    0    0    0    3    0    0    0    0  464    0    0    0    0    0   13  
  0    0    0    0    0    0    0    1    0    0    0    0    0  469    0    0    0    0   10  
  0    0    0    0    0    0    0    0    0    0    0    0    0    0  468    0    0    0   12  
  0    0    0    0    0    0    0    1    0    0    0    0    0    0    0  454    0    0   25  
  0    0    0    0    0    0    0    1    0    0    0    0    0    0    0    0  476    0    3  
  0    0    0    0    0    0    0    6    0    0    0    0    0    0    0    0    0  466    8  
  0    0    0    0    0    0    0    5    0    0    0    0    0    0    0    0    0    0  475  
0.9601973684210526 ±0.020449781876427795

LinearSVC(C=1.0, class_weight=None, dual=True, fit_intercept=True,
     intercept_scaling=1, loss='squared_hinge', max_iter=1000,
     multi_class='ovr', penalty='l2', random_state=None, tol=0.0001,
     verbose=0)
2018-03-29 16:20:52.258873 p4
2018-03-29 16:20:53.410144 p7
2018-03-29 16:20:54.604945 p2
2018-03-29 16:20:55.825764 p6
2018-03-29 16:20:56.930005 p1
2018-03-29 16:20:58.019254 p3
2018-03-29 16:20:59.111487 p5
2018-03-29 16:21:00.226734 p8
474    0    5    0    0    0    0    1    0    0    0    0    0    0    0    0    0    0    0  
  0  463    0    0    0    0   13    4    0    0    0    0    0    0    0    0    0    0    0  
  1    0  479    0    0    0    0    0    0    0    0    0    0    0    0    0    0    0    0  
  0    0    0  480    0    0    0    0    0    0    0    0    0    0    0    0    0    0    0  
  0    0    0    0  479    0    0    1    0    0    0    0    0    0    0    0    0    0    0  
  0    0    0    0    0  480    0    0    0    0    0    0    0    0    0    0    0    0    0  
  1   26    0    0    0    0  420   33    0    0    0    0    0    0    0    0    0    0    0  
  0    7    0    0    1    1   50  420    0    0    0    0    0    0    0    0    0    0    1  
  0    0    0    0    0    2    0    0  478    0    0    0    0    0    0    0    0    0    0  
  0    0    0    0    0    0    0    0    0  472    8    0    0    0    0    0    0    0    0  
  0    0    0    0    0    1    0    0    0   24  455    0    0    0    0    0    0    0    0  
  0    0    0    0    0    0    0    0    0    0    0  479    0    0    0    0    0    0    1  
  0    0    0    0    0    0    0    0    0    0    0    0  478    0    0    0    0    0    2  
  0    0    0    0    0    0    0    0    0    0    0    0    0  479    0    0    0    0    1  
  0    0    0    0    0    0    0    0    0    0    0    0    0    0  480    0    0    0    0  
  0    0    0    0    0    0    0    0    0    0    0    0    0    0    0  480    0    0    0  
  0    0    0    0    0    0    0    0    0    0    0    0    0    0    0    0  480    0    0  
  0    0    0    0    0    0    0    0    0    0    0    0    0    0    0    0    0  480    0  
  0    0    0    0    0    1    0    6    0    0    0    0    0    0    0    0    0    0  473  
0.9790570175438597 ±0.008610772911080184

MLPClassifier(activation='relu', alpha=0.0001, batch_size='auto', beta_1=0.9,
       beta_2=0.999, early_stopping=False, epsilon=1e-08,
       hidden_layer_sizes=(100,), learning_rate='constant',
       learning_rate_init=0.001, max_iter=200, momentum=0.9,
       nesterovs_momentum=True, power_t=0.5, random_state=None,
       shuffle=True, solver='adam', tol=0.0001, validation_fraction=0.1,
       verbose=False, warm_start=False)
2018-03-29 16:21:01.569171 p4
2018-03-29 16:21:09.335592 p7
2018-03-29 16:21:12.832946 p2
2018-03-29 16:21:16.649354 p6
2018-03-29 16:21:19.922952 p1
2018-03-29 16:21:23.949889 p3
2018-03-29 16:21:27.715871 p5
2018-03-29 16:21:33.216704 p8
480    0    0    0    0    0    0    0    0    0    0    0    0    0    0    0    0    0    0  
  0  433    0    0    0    0   42    5    0    0    0    0    0    0    0    0    0    0    0  
  2    0  478    0    0    0    0    0    0    0    0    0    0    0    0    0    0    0    0  
  0    0    0  480    0    0    0    0    0    0    0    0    0    0    0    0    0    0    0  
  0    0    0    0  478    0    0    1    1    0    0    0    0    0    0    0    0    0    0  
  0    0    0    0    0  479    0    1    0    0    0    0    0    0    0    0    0    0    0  
  0   16    0    0    0    0  414   50    0    0    0    0    0    0    0    0    0    0    0  
  0    5    0    0    1    1   49  424    0    0    0    0    0    0    0    0    0    0    0  
  0    0    0    0    0    1    0    0  479    0    0    0    0    0    0    0    0    0    0  
  0    0    0    0    0    0    0    0    0  474    6    0    0    0    0    0    0    0    0  
  0    0    0    0    0    0    0    0    0   25  455    0    0    0    0    0    0    0    0  
  0    0    0    0    0    0    0    0    0    0    0  480    0    0    0    0    0    0    0  
  0    0    0    0    0    0    0    0    0    0    0    0  479    0    0    0    0    0    1  
  0    0    0    0    0    0    0    0    0    0    0    1    0  479    0    0    0    0    0  
  0    0    0    0    0    0    0    0    0    0    0    0    0    0  480    0    0    0    0  
  0    0    0    0    0    0    0    0    0    0    0    0    0    0    0  480    0    0    0  
  0    0    0    0    0    0    0    0    0    0    0    0    0    0    0    0  480    0    0  
  0    0    0    0    0    0    0    0    0    0    0    0    0    0    0    0    0  480    0  
  0    0    0    0    0    1    0    1    0    0    0    0    1    0    0    0    0    0  477  
0.9768640350877194 ±0.009914002916680424
