LogisticRegression(C=1.0, class_weight=None, dual=False, fit_intercept=True,
          intercept_scaling=1, max_iter=100, multi_class='ovr', n_jobs=1,
          penalty='l2', random_state=None, solver='liblinear', tol=0.0001,
          verbose=0, warm_start=False)
2018-02-28 20:31:25.258168
2018-02-28 20:31:27.995898
2018-02-28 20:31:30.916483
2018-02-28 20:31:33.953042
2018-02-28 20:31:37.058074
2018-02-28 20:31:39.911524
2018-02-28 20:31:42.745666
2018-02-28 20:31:45.680979
2018-02-28 20:31:48.236781
2018-02-28 20:31:50.822045
480    0    0    0    0    0    0    0    0    0    0    0    0    0    0    0    0    0    0  
  0  480    0    0    0    0    0    0    0    0    0    0    0    0    0    0    0    0    0  
  0    0  480    0    0    0    0    0    0    0    0    0    0    0    0    0    0    0    0  
  0    0    0  480    0    0    0    0    0    0    0    0    0    0    0    0    0    0    0  
  0    0    0    0  480    0    0    0    0    0    0    0    0    0    0    0    0    0    0  
  0    0    0    0    0  480    0    0    0    0    0    0    0    0    0    0    0    0    0  
  0    1    0    0    0    0  464   15    0    0    0    0    0    0    0    0    0    0    0  
  0    0    0    0    0    0   29  451    0    0    0    0    0    0    0    0    0    0    0  
  0    0    0    0    0    0    0    0  480    0    0    0    0    0    0    0    0    0    0  
  0    0    0    0    0    0    0    0    0  480    0    0    0    0    0    0    0    0    0  
  0    0    0    0    0    0    0    0    0    0  480    0    0    0    0    0    0    0    0  
  0    0    0    0    0    0    0    0    0    0    0  480    0    0    0    0    0    0    0  
  0    0    0    0    0    0    0    0    0    0    0    0  480    0    0    0    0    0    0  
  0    0    0    0    0    0    0    0    0    0    0    0    0  480    0    0    0    0    0  
  0    0    0    0    0    0    0    0    0    0    0    0    0    0  480    0    0    0    0  
  0    0    0    0    0    0    0    0    0    0    0    0    0    0    0  480    0    0    0  
  0    0    0    0    0    0    0    0    0    0    0    0    0    0    0    0  480    0    0  
  0    0    0    0    0    0    0    0    0    0    0    0    0    0    0    0    0  480    0  
  0    0    0    0    0    0    0    1    0    0    0    0    0    0    0    0    0    0  479  
0.994956140351 ±0.00178158736944

RandomForestClassifier(bootstrap=True, class_weight=None, criterion='gini',
            max_depth=None, max_features='auto', max_leaf_nodes=None,
            min_impurity_split=1e-07, min_samples_leaf=1,
            min_samples_split=2, min_weight_fraction_leaf=0.0,
            n_estimators=10, n_jobs=1, oob_score=False, random_state=None,
            verbose=0, warm_start=False)
2018-02-28 20:31:53.566588
2018-02-28 20:31:53.990060
2018-02-28 20:31:54.360549
2018-02-28 20:31:54.706455
2018-02-28 20:31:55.070115
2018-02-28 20:31:55.434559
2018-02-28 20:31:55.816754
2018-02-28 20:31:56.175588
2018-02-28 20:31:56.543766
2018-02-28 20:31:56.917637
480    0    0    0    0    0    0    0    0    0    0    0    0    0    0    0    0    0    0  
  0  479    0    0    0    0    0    1    0    0    0    0    0    0    0    0    0    0    0  
  0    0  480    0    0    0    0    0    0    0    0    0    0    0    0    0    0    0    0  
  0    0    0  480    0    0    0    0    0    0    0    0    0    0    0    0    0    0    0  
  0    0    0    0  480    0    0    0    0    0    0    0    0    0    0    0    0    0    0  
  0    0    0    0    0  480    0    0    0    0    0    0    0    0    0    0    0    0    0  
  0    1    0    0    0    0  465   14    0    0    0    0    0    0    0    0    0    0    0  
  0    0    0    0    0    0   30  450    0    0    0    0    0    0    0    0    0    0    0  
  0    0    0    0    1    0    0    0  479    0    0    0    0    0    0    0    0    0    0  
  0    0    0    0    0    0    0    0    0  480    0    0    0    0    0    0    0    0    0  
  0    0    0    0    0    0    0    0    0    0  480    0    0    0    0    0    0    0    0  
  0    0    0    0    0    0    0    0    0    0    0  480    0    0    0    0    0    0    0  
  0    0    0    0    0    0    0    0    0    0    0    0  480    0    0    0    0    0    0  
  0    0    0    0    0    0    0    0    0    0    0    0    2  477    0    0    0    0    1  
  0    0    0    0    0    0    0    0    0    0    0    0    0    0  480    0    0    0    0  
  0    0    0    0    0    0    0    0    0    0    0    0    0    0    0  480    0    0    0  
  0    0    0    0    0    0    0    0    0    0    0    0    0    0    0    0  480    0    0  
  0    0    0    0    0    0    0    0    0    0    0    0    0    0    0    0    0  480    0  
  0    0    0    0    0    0    0    3    0    0    0    0    0    0    0    0    0    0  477  
0.994188596491 ±0.00130201119375

SVC(C=1.0, cache_size=200, class_weight=None, coef0=0.0,
  decision_function_shape=None, degree=3, gamma='auto', kernel='rbf',
  max_iter=-1, probability=False, random_state=None, shrinking=True,
  tol=0.001, verbose=False)
2018-02-28 20:31:57.270231
2018-02-28 20:32:01.544251
2018-02-28 20:32:05.831680
2018-02-28 20:32:10.085153
2018-02-28 20:32:14.378911
2018-02-28 20:32:18.613381
2018-02-28 20:32:22.871907
2018-02-28 20:32:27.120972
2018-02-28 20:32:31.370462
2018-02-28 20:32:35.555702
478    0    0    0    0    0    0    0    0    0    0    0    0    0    0    0    0    0    2  
  0  477    0    0    0    0    0    1    0    0    0    0    0    0    0    0    0    0    2  
  0    0  473    0    0    0    0    0    0    0    0    0    0    0    0    0    0    0    7  
  0    0    0  477    0    0    0    0    0    0    0    0    0    0    0    0    0    0    3  
  0    0    0    0  476    0    0    0    0    0    0    0    0    0    0    0    0    0    4  
  0    0    0    0    0  477    0    0    0    0    0    0    0    0    0    0    0    0    3  
  0    0    0    0    0    0  464   16    0    0    0    0    0    0    0    0    0    0    0  
  0    0    0    0    0    0   20  459    0    0    0    0    0    0    0    0    0    0    1  
  0    0    0    0    0    0    0    0  478    0    0    0    0    0    0    0    0    0    2  
  0    0    0    0    0    0    0    0    0  477    0    0    0    0    0    0    0    0    3  
  0    0    0    0    0    0    0    0    0    0  478    0    0    0    0    0    0    0    2  
  0    0    0    0    0    0    0    0    0    0    0  477    0    0    0    0    0    0    3  
  0    0    0    0    0    0    0    0    0    0    0    0  472    0    0    0    0    0    8  
  0    0    0    0    0    0    0    0    0    0    0    0    0  472    0    0    0    0    8  
  0    0    0    0    0    0    0    0    0    0    0    0    0    0  475    0    0    0    5  
  0    0    0    0    0    0    0    0    0    0    0    0    0    0    0  469    0    0   11  
  0    0    0    0    0    0    0    0    0    0    0    0    0    0    0    0  479    0    1  
  0    0    0    0    0    0    0    0    0    0    0    0    0    0    0    0    0  475    5  
  0    0    0    0    0    0    0    0    0    0    0    0    0    0    0    0    0    0  480  
0.98826754386 ±0.00306429574835

LinearSVC(C=1.0, class_weight=None, dual=True, fit_intercept=True,
     intercept_scaling=1, loss='squared_hinge', max_iter=1000,
     multi_class='ovr', penalty='l2', random_state=None, tol=0.0001,
     verbose=0)
2018-02-28 20:32:39.758260
2018-02-28 20:32:41.580461
2018-02-28 20:32:43.419538
2018-02-28 20:32:45.245450
2018-02-28 20:32:47.209895
2018-02-28 20:32:48.927205
2018-02-28 20:32:50.802838
2018-02-28 20:32:52.436564
2018-02-28 20:32:54.107649
2018-02-28 20:32:55.830012
480    0    0    0    0    0    0    0    0    0    0    0    0    0    0    0    0    0    0  
  0  480    0    0    0    0    0    0    0    0    0    0    0    0    0    0    0    0    0  
  0    0  480    0    0    0    0    0    0    0    0    0    0    0    0    0    0    0    0  
  0    1    2  457    0    1   12    0    0    2    1    1    0    1    0    0    0    1    1  
  0    0    0    0  480    0    0    0    0    0    0    0    0    0    0    0    0    0    0  
  0    0    0    0    0  480    0    0    0    0    0    0    0    0    0    0    0    0    0  
  0    1    0    0    0    0  465   14    0    0    0    0    0    0    0    0    0    0    0  
  0    0    0    0    0    0   29  451    0    0    0    0    0    0    0    0    0    0    0  
  0    0    0    0    0    0    0    0  480    0    0    0    0    0    0    0    0    0    0  
  0    0    0    0    0    0    0    0    0  480    0    0    0    0    0    0    0    0    0  
  0    0    0    0    0    0    0    0    0    0  480    0    0    0    0    0    0    0    0  
  0    0    0    0    0    0    0    0    0    0    0  480    0    0    0    0    0    0    0  
  0    0    0    0    0    0    0    0    0    0    0    0  480    0    0    0    0    0    0  
  0    0    0    0    0    0    0    0    0    0    0    0    0  480    0    0    0    0    0  
  0    0    0    0    0    0    0    0    0    0    0    0    0    0  480    0    0    0    0  
  0    0    0    0    0    0    0    0    0    0    0    0    0    0    0  480    0    0    0  
  0    0    0    0    0    0    0    0    0    0    0    0    0    0    0    0  480    0    0  
  0    0    0    0    0    0    0    0    0    0    0    0    0    0    0    0    0  480    0  
  0    0    0    0    0    0    0    1    0    0    0    0    0    0    0    0    0    0  479  
0.992543859649 ±0.00200990162059

KNeighborsClassifier(algorithm='auto', leaf_size=30, metric='minkowski',
           metric_params=None, n_jobs=1, n_neighbors=7, p=2,
           weights='uniform')
2018-02-28 20:32:57.704562
2018-02-28 20:32:57.827525
2018-02-28 20:32:57.917018
2018-02-28 20:32:58.000944
2018-02-28 20:32:58.084471
2018-02-28 20:32:58.176383
2018-02-28 20:32:58.261772
2018-02-28 20:32:58.349385
2018-02-28 20:32:58.438970
2018-02-28 20:32:58.524539
480    0    0    0    0    0    0    0    0    0    0    0    0    0    0    0    0    0    0  
  0  480    0    0    0    0    0    0    0    0    0    0    0    0    0    0    0    0    0  
  0    0  480    0    0    0    0    0    0    0    0    0    0    0    0    0    0    0    0  
  0    0    0  480    0    0    0    0    0    0    0    0    0    0    0    0    0    0    0  
  0    0    0    0  480    0    0    0    0    0    0    0    0    0    0    0    0    0    0  
  0    0    0    0    0  480    0    0    0    0    0    0    0    0    0    0    0    0    0  
  0    0    0    0    0    0  471    9    0    0    0    0    0    0    0    0    0    0    0  
  0    0    0    0    0    0   33  447    0    0    0    0    0    0    0    0    0    0    0  
  0    0    0    0    0    1    0    0  479    0    0    0    0    0    0    0    0    0    0  
  0    0    0    0    0    0    0    0    0  480    0    0    0    0    0    0    0    0    0  
  0    0    0    0    0    0    0    0    0    0  480    0    0    0    0    0    0    0    0  
  0    0    0    0    0    0    0    0    0    0    0  480    0    0    0    0    0    0    0  
  0    0    0    0    0    0    0    0    0    0    0    0  480    0    0    0    0    0    0  
  0    0    0    0    0    0    0    0    0    0    0    0    0  480    0    0    0    0    0  
  0    0    0    0    0    0    0    0    0    0    0    0    0    0  480    0    0    0    0  
  0    0    0    0    0    0    0    0    0    0    0    0    0    0    0  480    0    0    0  
  0    0    0    0    0    0    0    0    0    0    0    0    0    0    0    0  480    0    0  
  0    0    0    0    0    0    0    0    0    0    0    0    0    0    0    0    0  480    0  
  0    0    0    0    0    0    0    2    0    0    0    0    0    0    0    0    0    0  478  
0.995065789474 ±0.00197672767295

GaussianNB(priors=None)
2018-02-28 20:32:58.632993
2018-02-28 20:32:58.691358
2018-02-28 20:32:58.750929
2018-02-28 20:32:58.804997
2018-02-28 20:32:58.858953
2018-02-28 20:32:58.916923
2018-02-28 20:32:58.978245
2018-02-28 20:32:59.029787
2018-02-28 20:32:59.081594
2018-02-28 20:32:59.137096
480    0    0    0    0    0    0    0    0    0    0    0    0    0    0    0    0    0    0  
  0  480    0    0    0    0    0    0    0    0    0    0    0    0    0    0    0    0    0  
  0    0  480    0    0    0    0    0    0    0    0    0    0    0    0    0    0    0    0  
  0    0    0  480    0    0    0    0    0    0    0    0    0    0    0    0    0    0    0  
  0    0    0    0  479    0    0    1    0    0    0    0    0    0    0    0    0    0    0  
  0    0    0    0    0  480    0    0    0    0    0    0    0    0    0    0    0    0    0  
  0    0    0    0    0    0  470   10    0    0    0    0    0    0    0    0    0    0    0  
  0    0    0    0    0    0   37  443    0    0    0    0    0    0    0    0    0    0    0  
  0    0    0    0    0    1    0    0  479    0    0    0    0    0    0    0    0    0    0  
  0    0    0    0    0    0    0    0    0  480    0    0    0    0    0    0    0    0    0  
  0    0    0    0    0    0    0    0    0    0  480    0    0    0    0    0    0    0    0  
  0    0    0    0    0    0    0    0    0    0    0  480    0    0    0    0    0    0    0  
  0    0    0    0    0    0    0    0    0    0    0    0  480    0    0    0    0    0    0  
  0    0    0    0    0    0    0    0    0    0    0    0    0  479    0    0    0    0    1  
  0    0    0    0    0    0    0    0    0    0    0    0    0    0  480    0    0    0    0  
  0    0    0    0    0    0    0    0    0    0    0    0    0    0    0  480    0    0    0  
  0    0    0    0    0    0    0    0    0    0    0    0    0    0    0    0  480    0    0  
  0    0    0    0    0    0    0    0    0    0    0    0    0    0    0    0    0  480    0  
  0    0    0    0    0    0    0    3    0    0    0    0    0    0    0    0    0    0  477  
0.994188596491 ±0.00235426650807

MLPClassifier(activation='relu', alpha=0.0001, batch_size='auto', beta_1=0.9,
       beta_2=0.999, early_stopping=False, epsilon=1e-08,
       hidden_layer_sizes=(100,), learning_rate='constant',
       learning_rate_init=0.001, max_iter=200, momentum=0.9,
       nesterovs_momentum=True, power_t=0.5, random_state=None,
       shuffle=True, solver='adam', tol=0.0001, validation_fraction=0.1,
       verbose=False, warm_start=False)
2018-02-28 20:32:59.200898
2018-02-28 20:33:04.377738
2018-02-28 20:33:11.085422
2018-02-28 20:33:16.624605
2018-02-28 20:33:23.665465
2018-02-28 20:33:27.775266
2018-02-28 20:33:32.925602
2018-02-28 20:33:37.481531
2018-02-28 20:33:41.188222
2018-02-28 20:33:45.974293
480    0    0    0    0    0    0    0    0    0    0    0    0    0    0    0    0    0    0  
  0  480    0    0    0    0    0    0    0    0    0    0    0    0    0    0    0    0    0  
  0    0  480    0    0    0    0    0    0    0    0    0    0    0    0    0    0    0    0  
  0    0    0  480    0    0    0    0    0    0    0    0    0    0    0    0    0    0    0  
  0    0    0    0  480    0    0    0    0    0    0    0    0    0    0    0    0    0    0  
  0    0    0    0    0  480    0    0    0    0    0    0    0    0    0    0    0    0    0  
  0    1    0    0    0    0  462   17    0    0    0    0    0    0    0    0    0    0    0  
  0    0    0    0    0    0   26  454    0    0    0    0    0    0    0    0    0    0    0  
  0    0    0    0    0    1    0    0  479    0    0    0    0    0    0    0    0    0    0  
  0    0    0    0    0    0    0    0    0  480    0    0    0    0    0    0    0    0    0  
  0    0    0    0    0    0    0    0    0    0  480    0    0    0    0    0    0    0    0  
  0    0    0    0    0    0    0    0    0    0    0  480    0    0    0    0    0    0    0  
  0    0    0    0    0    0    0    0    0    0    0    0  480    0    0    0    0    0    0  
  0    0    0    0    0    0    0    0    0    0    0    0    0  480    0    0    0    0    0  
  0    0    0    0    0    0    0    0    0    0    0    0    0    0  480    0    0    0    0  
  0    0    0    0    0    0    0    0    0    0    0    0    0    0    0  480    0    0    0  
  0    0    0    0    0    0    0    0    0    0    0    0    0    0    0    0  480    0    0  
  0    0    0    0    0    0    0    0    0    0    0    0    0    0    0    0    0  480    0  
  0    0    0    0    0    0    0    2    0    0    0    0    0    0    0    0    0    0  478  
0.994846491228 ±0.00224981190007

DecisionTreeClassifier(class_weight=None, criterion='gini', max_depth=None,
            max_features=None, max_leaf_nodes=None,
            min_impurity_split=1e-07, min_samples_leaf=1,
            min_samples_split=2, min_weight_fraction_leaf=0.0,
            presort=False, random_state=None, splitter='best')
2018-02-28 20:33:51.193840
2018-02-28 20:33:51.486736
2018-02-28 20:33:51.730137
2018-02-28 20:33:51.962809
2018-02-28 20:33:52.178846
2018-02-28 20:33:52.393254
2018-02-28 20:33:52.635762
2018-02-28 20:33:52.886979
2018-02-28 20:33:53.143718
2018-02-28 20:33:53.394040
479    0    0    0    0    0    0    1    0    0    0    0    0    0    0    0    0    0    0  
  1  478    0    0    0    0    0    1    0    0    0    0    0    0    0    0    0    0    0  
  0    0  480    0    0    0    0    0    0    0    0    0    0    0    0    0    0    0    0  
  0    0    0  480    0    0    0    0    0    0    0    0    0    0    0    0    0    0    0  
  0    0    0    0  475    1    0    0    1    2    0    0    0    1    0    0    0    0    0  
  0    1    0    0    0  477    0    2    0    0    0    0    0    0    0    0    0    0    0  
  0    1    0    0    1    0  443   34    0    0    0    0    0    0    0    0    0    0    1  
  0    1    0    0    0    2   26  447    1    0    0    0    0    1    0    0    0    0    2  
  0    0    0    0    0    1    0    0  475    0    3    0    0    0    0    1    0    0    0  
  0    0    0    0    0    0    0    0    0  478    1    0    0    1    0    0    0    0    0  
  0    0    0    0    0    0    0    0    0    1  479    0    0    0    0    0    0    0    0  
  0    0    0    0    0    0    0    0    0    0    0  480    0    0    0    0    0    0    0  
  0    0    0    0    0    0    0    0    0    0    0    0  480    0    0    0    0    0    0  
  0    0    0    0    2    0    0    1    0    0    0    0    0  477    0    0    0    0    0  
  0    0    0    0    0    0    0    0    0    0    0    0    0    0  480    0    0    0    0  
  0    0    0    0    0    0    0    0    0    0    0    0    0    0    0  480    0    0    0  
  0    0    1    0    0    0    0    0    0    0    0    0    0    0    1    0  478    0    0  
  0    0    0    0    0    0    0    0    1    0    0    0    0    1    0    0    0  478    0  
  1    0    0    0    0    0    1    2    0    0    1    0    0    0    0    0    0    0  475  
0.988925438596 ±0.00326930954296
