LogisticRegression(C=1.0, class_weight=None, dual=False, fit_intercept=True,
          intercept_scaling=1, max_iter=100, multi_class='ovr', n_jobs=1,
          penalty='l2', random_state=None, solver='liblinear', tol=0.0001,
          verbose=0, warm_start=False)
2018-02-28 20:13:25.787132
2018-02-28 20:13:29.702656
2018-02-28 20:13:34.045928
2018-02-28 20:13:37.980076
2018-02-28 20:13:42.302498
2018-02-28 20:13:46.161511
2018-02-28 20:13:50.234684
2018-02-28 20:13:54.419385
2018-02-28 20:13:58.571410
2018-02-28 20:14:02.551618
427    0   52    0    0    0    0    0    0    0    0    0    1    0    0    0    0    0    0  
  0  438    0    0    0    0   37    5    0    0    0    0    0    0    0    0    0    0    0  
  0    0  480    0    0    0    0    0    0    0    0    0    0    0    0    0    0    0    0  
  0    0    0  480    0    0    0    0    0    0    0    0    0    0    0    0    0    0    0  
  0    0    0    0  480    0    0    0    0    0    0    0    0    0    0    0    0    0    0  
  0    0    0    0    0  467    0    5    8    0    0    0    0    0    0    0    0    0    0  
  3   88    0    0    3    5  340   39    0    0    0    0    2    0    0    0    0    0    0  
  0    9    0    0    4   17   49  373    1    0    0    0    7    3    0    1    0    0   16  
  0    0    0    0    5    5    0    0  426   10   12    0   20    2    0    0    0    0    0  
  0    0    0    0    1    0    0    0   25  361   92    0    1    0    0    0    0    0    0  
  0    0    0    0    1    0    0    0   31  108  326    0   14    0    0    0    0    0    0  
  0    0    0    0    0    0    0    0    0    0    0  479    0    0    0    0    0    1    0  
  0    0    0    1    2    0    0    8    3    0    7    0  448    9    0    2    0    0    0  
  0    0    0    0    0    0    0    0    0    0    0    3    3  474    0    0    0    0    0  
  0    0    0    0    0    0    0    0    0    0    0    0    0    0  480    0    0    0    0  
  0    0    0    0    2    0    0    0    0    0    3    0    0    2    5  467    0    1    0  
  0    0    0    0    0    0    0    0    0    0    0    0    0    0    0    0  480    0    0  
  0    0    0    0    0    1    0    0    0    0    0    0    0    0    0    0    0  479    0  
  0    0    0    0    0    2    0   12    0    0    0    0    1    0    0    0    0    0  465  
0.917763157895 ±0.00813179658673

RandomForestClassifier(bootstrap=True, class_weight=None, criterion='gini',
            max_depth=None, max_features='auto', max_leaf_nodes=None,
            min_impurity_split=1e-07, min_samples_leaf=1,
            min_samples_split=2, min_weight_fraction_leaf=0.0,
            n_estimators=10, n_jobs=1, oob_score=False, random_state=None,
            verbose=0, warm_start=False)
2018-02-28 20:14:06.609461
2018-02-28 20:14:07.201513
2018-02-28 20:14:07.804402
2018-02-28 20:14:08.331302
2018-02-28 20:14:08.847210
2018-02-28 20:14:09.358404
2018-02-28 20:14:09.887948
2018-02-28 20:14:10.406602
2018-02-28 20:14:10.931856
2018-02-28 20:14:11.453988
471    0    4    0    0    0    2    2    0    0    0    0    1    0    0    0    0    0    0  
  1  417    0    0    0    2   55    5    0    0    0    0    0    0    0    0    0    0    0  
  3    0  473    0    0    0    0    3    0    0    0    0    1    0    0    0    0    0    0  
  0    0    0  479    0    0    0    1    0    0    0    0    0    0    0    0    0    0    0  
  0    1    0    0  464    5    0    4    2    0    3    0    0    1    0    0    0    0    0  
  0    0    0    0    2  458    1    8    8    0    0    0    0    0    0    0    0    3    0  
  1   94    0    0    0    0  357   27    0    0    0    0    1    0    0    0    0    0    0  
  1   18    0    0    8   13   80  355    0    0    0    0    0    0    0    0    0    0    5  
  0    1    0    0    6    8    0    0  456    4    4    0    1    0    0    0    0    0    0  
  0    0    0    0    0    0    0    0   17  444   19    0    0    0    0    0    0    0    0  
  0    0    0    0    3    0    0    0    4   23  446    0    1    3    0    0    0    0    0  
  0    0    0    0    0    0    0    0    0    0    0  476    0    0    0    0    0    4    0  
  1    0    0    1    7    2    0    7   10    0   12    0  436    4    0    0    0    0    0  
  0    0    0    0    2    0    0    0    0    0    4    1    6  465    0    0    0    0    2  
  3    0    0    0    0    1    2    2    0    0    0    0    0    0  461   11    0    0    0  
  0    0    0    0    1    0    0    0    0    0    0    0    1    1   25  451    0    1    0  
  1    0    0    0    0    0    0    0    0    0    0    0    0    0    0    0  479    0    0  
  0    0    0    0    0    2    0    0    0    0    0    3    0    0    0    0    0  472    3  
  0    0    0    0    2    6    3   21    1    1    0    3    4    0    0    0    0    3  436  
0.931578947368 ±0.00814951937547

SVC(C=1.0, cache_size=200, class_weight=None, coef0=0.0,
  decision_function_shape=None, degree=3, gamma='auto', kernel='rbf',
  max_iter=-1, probability=False, random_state=None, shrinking=True,
  tol=0.001, verbose=False)
2018-02-28 20:14:11.996866
2018-02-28 20:14:14.731437
2018-02-28 20:14:17.434687
2018-02-28 20:14:20.136956
2018-02-28 20:14:22.952347
2018-02-28 20:14:25.910993
2018-02-28 20:14:28.912231
2018-02-28 20:14:31.546857
2018-02-28 20:14:34.177665
2018-02-28 20:14:36.835503
480    0    0    0    0    0    0    0    0    0    0    0    0    0    0    0    0    0    0  
  0  453    0    0    0    0   25    2    0    0    0    0    0    0    0    0    0    0    0  
  3    0  477    0    0    0    0    0    0    0    0    0    0    0    0    0    0    0    0  
  0    0    0  480    0    0    0    0    0    0    0    0    0    0    0    0    0    0    0  
  0    0    0    0  477    0    0    1    0    0    2    0    0    0    0    0    0    0    0  
  0    0    0    0    0  474    0    2    4    0    0    0    0    0    0    0    0    0    0  
  0   64    0    0    0    0  399   17    0    0    0    0    0    0    0    0    0    0    0  
  0   10    0    0    2    9   61  397    0    0    0    0    0    0    0    0    0    0    1  
  0    0    0    0    0    1    0    0  476    3    0    0    0    0    0    0    0    0    0  
  0    0    0    0    0    0    0    0    0  466   14    0    0    0    0    0    0    0    0  
  0    0    0    0    0    0    0    0    2   17  460    0    1    0    0    0    0    0    0  
  0    0    0    0    0    0    0    0    0    0    0  480    0    0    0    0    0    0    0  
  0    0    0    0    0    0    0    4    1    1    5    0  469    0    0    0    0    0    0  
  0    0    0    0    0    0    0    0    0    0    0    1    1  478    0    0    0    0    0  
  0    0    0    0    0    0    0    0    0    0    0    0    0    0  480    0    0    0    0  
  0    0    0    0    1    0    0    0    0    0    0    0    0    0    1  477    0    1    0  
  0    0    0    0    0    0    0    0    0    0    0    0    0    0    0    0  480    0    0  
  0    0    0    0    0    0    0    0    0    0    0    0    0    0    0    0    0  480    0  
  0    0    0    0    0    1    0    9    0    0    0    1    0    0    0    0    0    0  469  
0.970614035088 ±0.00527684623488

LinearSVC(C=1.0, class_weight=None, dual=True, fit_intercept=True,
     intercept_scaling=1, loss='squared_hinge', max_iter=1000,
     multi_class='ovr', penalty='l2', random_state=None, tol=0.0001,
     verbose=0)
2018-02-28 20:14:39.477979
2018-02-28 20:14:41.476596
2018-02-28 20:14:43.526847
2018-02-28 20:14:45.533081
2018-02-28 20:14:47.525033
2018-02-28 20:14:49.510765
2018-02-28 20:14:51.445062
2018-02-28 20:14:53.428624
2018-02-28 20:14:55.476454
2018-02-28 20:14:57.489375
465    0   12    0    0    0    1    0    0    0    0    0    2    0    0    0    0    0    0  
  0  455    0    0    0    0   22    3    0    0    0    0    0    0    0    0    0    0    0  
  0    0  480    0    0    0    0    0    0    0    0    0    0    0    0    0    0    0    0  
  0    0    0  480    0    0    0    0    0    0    0    0    0    0    0    0    0    0    0  
  0    0    0    0  480    0    0    0    0    0    0    0    0    0    0    0    0    0    0  
  0    0    0    0    0  470    0    4    6    0    0    0    0    0    0    0    0    0    0  
  5   51    0    0    4    1  383   33    0    0    0    0    2    0    0    0    0    1    0  
  0   10    0    0    2   18   52  367    0    0    0    0    7    3    0    1    0    1   19  
  0    1    0    0    5    5    0    0  427   11    9    0   19    2    0    0    0    0    1  
  0    0    0    0    1    0    0    0   21  381   71    1    3    0    0    0    0    0    2  
  0    0    0    0    1    0    0    0   19  105  347    0    8    0    0    0    0    0    0  
  0    0    0    0    0    0    0    0    0    0    0  479    0    0    0    0    0    1    0  
  0    0    0    3    1    0    0    7    6    0    2    1  452    5    0    3    0    0    0  
  0    0    0    0    0    0    0    0    0    0    0    2    2  476    0    0    0    0    0  
  0    0    0    0    0    0    0    0    0    0    0    0    0    0  480    0    0    0    0  
  0    0    0    0    1    0    0    0    0    0    2    0    0    2    3  470    1    1    0  
  0    0    0    0    0    0    0    0    0    0    0    0    0    0    0    0  480    0    0  
  0    0    0    0    0    0    0    0    0    0    0    0    0    0    0    0    0  480    0  
  0    0    0    0    0    1    0   10    0    0    0    1    1    0    0    0    0    0  467  
0.934100877193 ±0.00515350877193

KNeighborsClassifier(algorithm='auto', leaf_size=30, metric='minkowski',
           metric_params=None, n_jobs=1, n_neighbors=7, p=2,
           weights='uniform')
2018-02-28 20:14:59.469343
2018-02-28 20:14:59.748021
2018-02-28 20:14:59.985920
2018-02-28 20:15:00.221417
2018-02-28 20:15:00.451283
2018-02-28 20:15:00.686328
2018-02-28 20:15:00.913177
2018-02-28 20:15:01.155578
2018-02-28 20:15:01.387720
2018-02-28 20:15:01.623558
478    0    2    0    0    0    0    0    0    0    0    0    0    0    0    0    0    0    0  
  0  449    0    0    0    1   30    0    0    0    0    0    0    0    0    0    0    0    0  
  2    0  477    0    0    0    0    1    0    0    0    0    0    0    0    0    0    0    0  
  0    0    0  480    0    0    0    0    0    0    0    0    0    0    0    0    0    0    0  
  0    0    0    0  476    0    0    0    2    0    2    0    0    0    0    0    0    0    0  
  0    0    0    0    0  475    0    0    5    0    0    0    0    0    0    0    0    0    0  
  0   99    0    0    1    1  362   17    0    0    0    0    0    0    0    0    0    0    0  
  0   33    0    0    2   34  100  308    0    0    0    0    0    0    0    0    0    0    3  
  0    0    0    0    2    3    0    0  466    4    5    0    0    0    0    0    0    0    0  
  0    0    0    0    0    0    0    0    3  467   10    0    0    0    0    0    0    0    0  
  0    0    0    0    0    0    0    0    7   50  422    0    1    0    0    0    0    0    0  
  0    0    0    0    0    0    0    0    0    0    0  480    0    0    0    0    0    0    0  
  0    0    0    0    3    1    0    0    2    6    5    0  459    4    0    0    0    0    0  
  0    0    0    0    1    0    0    0    0    1    2    1    1  472    0    0    0    0    2  
  0    0    0    0    0    0    0    0    0    0    0    0    0    0  470   10    0    0    0  
  0    0    0    0    0    0    0    0    0    0    0    0    1    1   23  454    0    0    1  
  0    0    0    0    0    0    0    0    0    0    0    0    0    0    0    0  480    0    0  
  0    0    0    0    0    0    0    0    0    0    0    0    0    0    0    0    0  480    0  
  0    0    0    0    0    6    0   11    0    0    0    1    0    0    0    0    0    4  458  
0.944407894737 ±0.00512074317054

GaussianNB(priors=None)
2018-02-28 20:15:01.857780
2018-02-28 20:15:01.916905
2018-02-28 20:15:01.970290
2018-02-28 20:15:02.022778
2018-02-28 20:15:02.077290
2018-02-28 20:15:02.130597
2018-02-28 20:15:02.186876
2018-02-28 20:15:02.242961
2018-02-28 20:15:02.301121
2018-02-28 20:15:02.354279
415    0   62    0    0    0    1    1    0    0    0    0    0    0    1    0    0    0    0  
  0  393    0    0    1    1   75   10    0    0    0    0    0    0    0    0    0    0    0  
 11    0  445   18    0    0    0    3    0    0    0    0    0    0    3    0    0    0    0  
  0    0    0  480    0    0    0    0    0    0    0    0    0    0    0    0    0    0    0  
  0    0    0    0  454    2    0    9    6    0    2    0    7    0    0    0    0    0    0  
  0    0    0    0    1  433    0   29   15    0    0    0    2    0    0    0    0    0    0  
 24   86    0    0    0    1  326   43    0    0    0    0    0    0    0    0    0    0    0  
  5   10    0    0    1    9   74  364    2    0    0    0    5    7    0    0    0    0    3  
  0    0    0    0    1    3    0    0  414   38    3    0   20    1    0    0    0    0    0  
  0    0    0    0    0    0    0    0   85  314   80    0    0    1    0    0    0    0    0  
  0    0    0    0    3    0    0    0  110  126  191    0   49    1    0    0    0    0    0  
  0    0    0    0    0    0    0    0    0    0    0  476    0    0    0    0    0    4    0  
  0    0    0    0   16    0    0    6   17    1   11    0  405   24    0    0    0    0    0  
  0    0    0    0    0    0    0    0    1    0    7    1   12  453    6    0    0    0    0  
  0    0    0    0    0    0    0    2    0    0    0    0    7    0  385   86    0    0    0  
  0    0    0    0    0    0    0    0    0    0    0    0    1    0   59  419    0    0    1  
  0    0    0    0    0    0    0    1    0    0    0    0    0    0    1    0  478    0    0  
  0    0    0    0    0   25    0    0    0    0    0    2    0    0    0    0    0  432   21  
  0    0    0    0    1    3    0   13    0    0    3    2    6    3    0    0    0    0  449  
0.847149122807 ±0.0136705678733

MLPClassifier(activation='relu', alpha=0.0001, batch_size='auto', beta_1=0.9,
       beta_2=0.999, early_stopping=False, epsilon=1e-08,
       hidden_layer_sizes=(100,), learning_rate='constant',
       learning_rate_init=0.001, max_iter=200, momentum=0.9,
       nesterovs_momentum=True, power_t=0.5, random_state=None,
       shuffle=True, solver='adam', tol=0.0001, validation_fraction=0.1,
       verbose=False, warm_start=False)
2018-02-28 20:15:02.412016
2018-02-28 20:15:20.172665
2018-02-28 20:15:38.958446
2018-02-28 20:15:55.334654
2018-02-28 20:16:05.640428
2018-02-28 20:16:18.426188
2018-02-28 20:16:35.055844
2018-02-28 20:16:47.393002
2018-02-28 20:17:05.575718
2018-02-28 20:17:27.276194
478    0    2    0    0    0    0    0    0    0    0    0    0    0    0    0    0    0    0  
  0  458    0    0    0    0   18    4    0    0    0    0    0    0    0    0    0    0    0  
  0    0  480    0    0    0    0    0    0    0    0    0    0    0    0    0    0    0    0  
  0    0    0  478    0    0    0    1    0    0    0    0    0    0    0    1    0    0    0  
  0    0    0    0  480    0    0    0    0    0    0    0    0    0    0    0    0    0    0  
  0    0    0    0    0  474    0    2    4    0    0    0    0    0    0    0    0    0    0  
  0   30    0    0    1    1  424   24    0    0    0    0    0    0    0    0    0    0    0  
  0    3    0    0    1    2   49  417    0    0    0    0    2    1    0    0    0    0    5  
  0    1    0    0    1    1    0    0  473    3    0    0    0    1    0    0    0    0    0  
  0    0    0    0    0    0    0    0    0  474    5    0    1    0    0    0    0    0    0  
  0    0    0    0    0    0    0    0    1    8  469    0    1    0    0    0    0    0    1  
  0    0    0    0    0    0    0    0    0    0    0  480    0    0    0    0    0    0    0  
  0    0    0    0    0    0    0    2    0    0    0    0  478    0    0    0    0    0    0  
  0    0    0    0    0    0    0    0    0    0    0    1    2  477    0    0    0    0    0  
  0    0    0    0    0    0    0    0    0    0    0    0    0    0  480    0    0    0    0  
  0    0    0    0    0    0    0    0    0    0    0    0    0    1    1  477    0    1    0  
  0    0    0    0    0    0    0    0    0    0    0    0    0    0    0    0  480    0    0  
  0    0    0    0    0    0    0    0    0    0    0    0    0    0    0    0    0  480    0  
  0    0    0    0    0    0    0    9    0    1    0    0    0    0    0    0    0    0  470  
0.978837719298 ±0.00497787695738

DecisionTreeClassifier(class_weight=None, criterion='gini', max_depth=None,
            max_features=None, max_leaf_nodes=None,
            min_impurity_split=1e-07, min_samples_leaf=1,
            min_samples_split=2, min_weight_fraction_leaf=0.0,
            presort=False, random_state=None, splitter='best')
2018-02-28 20:17:46.057816
2018-02-28 20:17:46.652351
2018-02-28 20:17:47.190529
2018-02-28 20:17:47.711964
2018-02-28 20:17:48.263087
2018-02-28 20:17:48.760331
2018-02-28 20:17:49.279842
2018-02-28 20:17:49.854494
2018-02-28 20:17:50.405417
2018-02-28 20:17:50.924991
450    1   11    0    0    0    9    4    0    0    0    0    0    0    2    1    2    0    0  
  1  358    0    0    4    6   87   20    1    0    0    0    2    0    0    1    0    0    0  
  8    1  463    0    0    0    1    3    0    0    0    0    0    2    0    2    0    0    0  
  0    0    1  475    0    0    2    0    0    0    0    0    0    0    2    0    0    0    0  
  0    4    0    0  422    7    0    6    3    0    9    0   17    1    3    1    0    0    7  
  1    2    0    0    6  424    2   13   12    0    1    0    6    0    1    0    0    1   11  
  5   79    1    1    2    2  308   73    1    0    0    0    1    0    4    1    2    0    0  
  3   24    1    0   12   12   58  324    0    0    2    0    4    8    5    7    1    1   18  
  0    1    0    0    7    9    0    3  419   14   13    0    9    1    1    1    0    0    2  
  0    0    0    0    5    0    0    2   16  397   51    0    5    0    1    0    0    1    2  
  0    0    0    0    9    1    0    1   23   58  367    0    7    9    1    2    0    0    2  
  0    0    0    0    0    0    0    0    0    0    0  466    0    1    0    0    0    7    6  
  0    1    0    0    8    5    2    5   12    2    9    0  414    3    1    2    2    0   14  
  0    0    1    0    2    1    0    8    1    1   10    0    5  444    0    1    0    0    6  
  1    1    2    0    3    0    2    1    0    1    0    0    6    0  429   30    1    0    3  
  0    1    1    2    3    0    3    2    1    0    1    0    0    2   32  431    0    1    0  
  0    0    4    0    0    0    1    0    0    0    0    0    2    0    0    0  473    0    0  
  0    0    0    0    0    3    0    0    0    0    0    6    0    0    0    0    0  459   12  
  0    2    0    0   12    8    2   11    4    1    3    3   10    4    2    0    0   12  406  
0.869407894737 ±0.00877809542089
