LogisticRegression(C=1.0, class_weight=None, dual=False, fit_intercept=True,
          intercept_scaling=1, max_iter=100, multi_class='ovr', n_jobs=1,
          penalty='l2', random_state=None, solver='liblinear', tol=0.0001,
          verbose=0, warm_start=False)
2018-03-29 16:15:29.673538
2018-03-29 16:15:32.081652
2018-03-29 16:15:34.233096
2018-03-29 16:15:36.424066
2018-03-29 16:15:38.711268
2018-03-29 16:15:41.074877
2018-03-29 16:15:43.295882
2018-03-29 16:15:45.533436
2018-03-29 16:15:47.802479
2018-03-29 16:15:50.063995
476    0    2    0    0    0    0    2    0    0    0    0    0    0    0    0    0    0    0  
  0  475    0    0    0    0    4    1    0    0    0    0    0    0    0    0    0    0    0  
  1    0  478    0    0    0    0    0    0    0    0    0    0    0    0    0    0    0    1  
  0    0    0  480    0    0    0    0    0    0    0    0    0    0    0    0    0    0    0  
  0    0    0    0  480    0    0    0    0    0    0    0    0    0    0    0    0    0    0  
  0    0    0    0    0  480    0    0    0    0    0    0    0    0    0    0    0    0    0  
  1   24    0    0    0    0  423   32    0    0    0    0    0    0    0    0    0    0    0  
  0    8    0    0    1    1   46  423    0    0    0    0    0    0    0    0    0    0    1  
  0    0    0    0    0    1    0    0  479    0    0    0    0    0    0    0    0    0    0  
  0    0    0    0    0    0    0    0    0  479    1    0    0    0    0    0    0    0    0  
  0    0    0    0    0    0    0    0    0    8  472    0    0    0    0    0    0    0    0  
  0    0    0    0    0    0    0    0    0    0    0  480    0    0    0    0    0    0    0  
  0    0    0    0    0    0    0    0    0    0    0    0  480    0    0    0    0    0    0  
  0    0    0    0    0    0    0    0    0    0    0    0    0  480    0    0    0    0    0  
  0    0    0    0    0    0    0    0    0    0    0    0    0    0  480    0    0    0    0  
  0    0    0    0    0    0    0    0    0    0    0    0    0    0    0  480    0    0    0  
  0    0    0    0    0    0    0    0    0    0    0    0    0    0    0    0  480    0    0  
  0    0    0    0    0    0    0    0    0    0    0    0    0    0    0    0    0  480    0  
  0    0    0    0    0    1    0    5    0    0    0    0    0    0    0    0    0    0  474  
0.9845394736842105 ±0.003194912781652059

KNeighborsClassifier(algorithm='auto', leaf_size=30, metric='minkowski',
           metric_params=None, n_jobs=1, n_neighbors=7, p=2,
           weights='uniform')
2018-03-29 16:15:52.656250
2018-03-29 16:15:52.812853
2018-03-29 16:15:52.951446
2018-03-29 16:15:53.125563
2018-03-29 16:15:53.240141
2018-03-29 16:15:53.358220
2018-03-29 16:15:53.470796
2018-03-29 16:15:53.590875
2018-03-29 16:15:53.706954
2018-03-29 16:15:53.824033
480    0    0    0    0    0    0    0    0    0    0    0    0    0    0    0    0    0    0  
  0  478    0    0    0    0    1    1    0    0    0    0    0    0    0    0    0    0    0  
  0    0  480    0    0    0    0    0    0    0    0    0    0    0    0    0    0    0    0  
  0    0    0  480    0    0    0    0    0    0    0    0    0    0    0    0    0    0    0  
  0    0    0    0  479    0    0    1    0    0    0    0    0    0    0    0    0    0    0  
  0    0    0    0    0  480    0    0    0    0    0    0    0    0    0    0    0    0    0  
  0   23    0    0    0    0  439   18    0    0    0    0    0    0    0    0    0    0    0  
  0   12    0    0    1    1   57  409    0    0    0    0    0    0    0    0    0    0    0  
  0    0    0    0    0    1    0    0  479    0    0    0    0    0    0    0    0    0    0  
  0    0    0    0    0    0    0    0    0  480    0    0    0    0    0    0    0    0    0  
  0    0    0    0    0    0    0    0    0    1  479    0    0    0    0    0    0    0    0  
  0    0    0    0    0    0    0    0    0    0    0  480    0    0    0    0    0    0    0  
  0    0    0    0    0    0    0    0    0    0    0    0  480    0    0    0    0    0    0  
  0    0    0    0    0    0    0    0    0    0    0    0    0  480    0    0    0    0    0  
  0    0    0    0    0    0    0    0    0    0    0    0    0    0  480    0    0    0    0  
  0    0    0    0    0    0    0    0    0    0    0    0    0    0    0  480    0    0    0  
  0    0    0    0    0    0    0    0    0    0    0    0    0    0    0    0  480    0    0  
  0    0    0    0    0    0    0    0    0    0    0    0    0    0    0    0    0  480    0  
  0    0    0    0    0    0    0    7    0    0    0    0    0    0    0    0    0    0  473  
0.9864035087719298 ±0.00282546024708884

GaussianNB(priors=None)
2018-03-29 16:15:53.952619
2018-03-29 16:15:54.015160
2018-03-29 16:15:54.089210
2018-03-29 16:15:54.151751
2018-03-29 16:15:54.212293
2018-03-29 16:15:54.271832
2018-03-29 16:15:54.332373
2018-03-29 16:15:54.401919
2018-03-29 16:15:54.464462
2018-03-29 16:15:54.527505
480    0    0    0    0    0    0    0    0    0    0    0    0    0    0    0    0    0    0  
  0  470    0    0    0    0    8    2    0    0    0    0    0    0    0    0    0    0    0  
  0    0  480    0    0    0    0    0    0    0    0    0    0    0    0    0    0    0    0  
  0    0    0  480    0    0    0    0    0    0    0    0    0    0    0    0    0    0    0  
  0    0    0    0  479    0    0    1    0    0    0    0    0    0    0    0    0    0    0  
  0    0    0    0    0  479    0    1    0    0    0    0    0    0    0    0    0    0    0  
  0   25    0    0    0    0  437   18    0    0    0    0    0    0    0    0    0    0    0  
  0    6    0    0    0    0   60  414    0    0    0    0    0    0    0    0    0    0    0  
  0    0    0    0    0    1    0    0  479    0    0    0    0    0    0    0    0    0    0  
  0    0    0    0    0    0    0    0    0  478    2    0    0    0    0    0    0    0    0  
  0    0    0    0    0    0    0    0    0   17  462    0    0    0    0    0    0    0    1  
  0    0    0    0    0    0    0    0    0    0    0  480    0    0    0    0    0    0    0  
  0    0    0    0    0    0    0    2    0    0    0    0  477    0    0    0    0    0    1  
  0    0    0    0    0    0    0    0    0    0    0    0    1  475    0    0    0    0    4  
  0    0    0    0    0    0    0    0    0    0    0    0    0    0  480    0    0    0    0  
  0    0    0    0    0    0    0    0    0    0    0    0    0    0    0  480    0    0    0  
  0    0    0    0    0    0    0    0    0    0    0    0    0    0    0    0  480    0    0  
  0    0    0    0    0    0    0    0    0    0    0    0    0    0    0    0    0  480    0  
  0    0    0    0    0    0    0   10    0    0    0    0    0    0    0    0    0    0  470  
0.982456140350877 ±0.002300019403881908

DecisionTreeClassifier(class_weight=None, criterion='gini', max_depth=None,
            max_features=None, max_leaf_nodes=None,
            min_impurity_split=1e-07, min_samples_leaf=1,
            min_samples_split=2, min_weight_fraction_leaf=0.0,
            presort=False, random_state=None, splitter='best')
2018-03-29 16:15:54.600555
2018-03-29 16:15:54.877238
2018-03-29 16:15:55.141915
2018-03-29 16:15:55.400089
2018-03-29 16:15:55.637748
2018-03-29 16:15:55.868904
2018-03-29 16:15:56.118572
2018-03-29 16:15:56.349227
2018-03-29 16:15:56.611903
2018-03-29 16:15:57.031181
479    0    0    0    0    0    0    0    0    0    0    0    0    0    0    1    0    0    0  
  0  451    0    0    0    1   24    4    0    0    0    0    0    0    0    0    0    0    0  
  1    0  479    0    0    0    0    0    0    0    0    0    0    0    0    0    0    0    0  
  0    0    1  479    0    0    0    0    0    0    0    0    0    0    0    0    0    0    0  
  0    1    0    0  475    0    1    0    1    0    1    0    0    1    0    0    0    0    0  
  0    1    0    0    0  474    1    1    2    0    0    0    1    0    0    0    0    0    0  
  0   18    0    0    0    2  403   57    0    0    0    0    0    0    0    0    0    0    0  
  0    7    0    0    1    1   68  396    1    0    0    0    1    0    0    0    0    0    5  
  0    0    0    0    1    0    0    2  475    1    1    0    0    0    0    0    0    0    0  
  0    0    0    0    0    0    0    0    1  471    8    0    0    0    0    0    0    0    0  
  0    0    0    0    0    0    0    0    0   11  469    0    0    0    0    0    0    0    0  
  0    0    0    0    0    0    0    0    0    0    0  479    0    0    1    0    0    0    0  
  0    0    0    0    2    0    0    0    1    0    0    0  474    1    0    0    0    0    2  
  0    0    0    0    1    0    0    0    0    0    0    0    1  476    1    0    0    0    1  
  0    0    0    0    0    0    0    0    0    0    0    0    0    0  480    0    0    0    0  
  0    0    0    0    0    0    0    0    0    0    0    0    0    0    0  480    0    0    0  
  0    0    0    0    0    0    0    0    0    0    0    0    0    0    0    0  480    0    0  
  0    0    0    0    0    0    0    1    0    0    0    0    0    0    0    0    0  477    2  
  0    0    0    0    1    0    0    6    0    0    0    1    1    0    0    0    0    0  471  
0.9723684210526313 ±0.004849417628836838

RandomForestClassifier(bootstrap=True, class_weight=None, criterion='gini',
            max_depth=None, max_features='auto', max_leaf_nodes=None,
            min_impurity_split=1e-07, min_samples_leaf=1,
            min_samples_split=2, min_weight_fraction_leaf=0.0,
            n_estimators=10, n_jobs=1, oob_score=False, random_state=None,
            verbose=0, warm_start=False)
2018-03-29 16:15:57.319876
2018-03-29 16:15:57.859238
2018-03-29 16:15:58.423617
2018-03-29 16:15:58.975496
2018-03-29 16:15:59.561389
2018-03-29 16:16:00.119764
2018-03-29 16:16:00.712160
2018-03-29 16:16:01.273547
2018-03-29 16:16:01.740858
2018-03-29 16:16:02.315243
480    0    0    0    0    0    0    0    0    0    0    0    0    0    0    0    0    0    0  
  0  471    0    0    0    0    8    1    0    0    0    0    0    0    0    0    0    0    0  
  0    0  480    0    0    0    0    0    0    0    0    0    0    0    0    0    0    0    0  
  0    0    0  480    0    0    0    0    0    0    0    0    0    0    0    0    0    0    0  
  0    0    0    0  480    0    0    0    0    0    0    0    0    0    0    0    0    0    0  
  0    0    0    0    1  478    0    1    0    0    0    0    0    0    0    0    0    0    0  
  0   27    0    0    0    0  427   26    0    0    0    0    0    0    0    0    0    0    0  
  0    7    0    0    2    1   52  418    0    0    0    0    0    0    0    0    0    0    0  
  0    0    0    0    0    2    0    0  478    0    0    0    0    0    0    0    0    0    0  
  0    0    0    0    0    0    0    0    0  479    1    0    0    0    0    0    0    0    0  
  0    0    0    0    0    0    0    0    0    8  472    0    0    0    0    0    0    0    0  
  0    0    0    0    0    0    0    0    0    0    0  480    0    0    0    0    0    0    0  
  0    0    0    0    0    0    0    0    0    0    0    0  480    0    0    0    0    0    0  
  0    0    0    0    1    0    0    1    0    0    0    0    1  476    0    0    0    0    1  
  0    0    0    0    0    0    0    0    0    0    0    0    0    0  480    0    0    0    0  
  1    0    0    0    0    0    0    0    0    0    0    0    0    0    0  479    0    0    0  
  0    0    0    0    0    0    0    0    0    0    0    0    0    0    0    0  480    0    0  
  0    0    0    0    0    1    0    0    0    0    0    0    0    0    0    0    0  479    0  
  0    0    0    0    0    0    0    6    0    0    0    0    1    0    0    0    0    0  473  
0.9835526315789472 ±0.004013816933711229

SVC(C=1.0, cache_size=200, class_weight=None, coef0=0.0,
  decision_function_shape=None, degree=3, gamma='auto', kernel='rbf',
  max_iter=-1, probability=False, random_state=None, shrinking=True,
  tol=0.001, verbose=False)
2018-03-29 16:16:02.842097
2018-03-29 16:16:05.326784
2018-03-29 16:16:07.620820
2018-03-29 16:16:09.838884
2018-03-29 16:16:12.319547
2018-03-29 16:16:14.803213
2018-03-29 16:16:17.265864
2018-03-29 16:16:19.380782
2018-03-29 16:16:21.619784
2018-03-29 16:16:23.724696
474    0    0    0    0    0    0    0    0    0    0    0    0    0    0    0    0    0    6  
  0  472    0    0    0    0    5    3    0    0    0    0    0    0    0    0    0    0    0  
  0    0  474    0    0    0    0    0    0    0    0    0    0    0    0    0    0    0    6  
  0    0    0  477    0    0    0    0    0    0    0    0    0    0    0    0    0    0    3  
  0    0    0    0  478    0    0    2    0    0    0    0    0    0    0    0    0    0    0  
  0    0    0    0    0  479    0    1    0    0    0    0    0    0    0    0    0    0    0  
  0   12    0    0    0    0  440   28    0    0    0    0    0    0    0    0    0    0    0  
  0    1    0    0    0    0   47  431    0    0    0    0    0    0    0    0    0    0    1  
  0    0    0    0    0    1    0    0  479    0    0    0    0    0    0    0    0    0    0  
  0    0    0    0    0    0    0    0    0  479    0    0    0    0    0    0    0    0    1  
  0    0    0    0    0    0    0    0    0    1  475    0    0    0    0    0    0    0    4  
  0    0    0    0    0    0    0    0    0    0    0  479    0    0    0    0    0    0    1  
  0    0    0    0    0    0    0    0    0    0    0    0  475    0    0    0    0    0    5  
  0    0    0    0    0    0    0    0    0    0    0    0    0  476    0    0    0    0    4  
  0    0    0    0    0    0    0    0    0    0    0    0    0    0  474    0    0    0    6  
  0    0    0    0    0    0    0    0    0    0    0    0    0    0    0  473    0    0    7  
  0    0    0    0    0    0    0    0    0    0    0    0    0    0    0    0  479    0    1  
  0    0    0    0    0    0    0    0    0    0    0    0    0    0    0    0    0  476    4  
  0    0    0    0    0    0    0    4    0    0    0    0    0    0    0    0    0    0  476  
0.9831140350877192 ±0.00404960204224108

LinearSVC(C=1.0, class_weight=None, dual=True, fit_intercept=True,
     intercept_scaling=1, loss='squared_hinge', max_iter=1000,
     multi_class='ovr', penalty='l2', random_state=None, tol=0.0001,
     verbose=0)
2018-03-29 16:16:25.599455
2018-03-29 16:16:26.731712
2018-03-29 16:16:27.835504
2018-03-29 16:16:28.914228
2018-03-29 16:16:29.964433
2018-03-29 16:16:31.035149
2018-03-29 16:16:32.134095
2018-03-29 16:16:33.206315
2018-03-29 16:16:34.299097
2018-03-29 16:16:35.397332
476    0    2    0    0    0    0    2    0    0    0    0    0    0    0    0    0    0    0  
  0  475    0    0    0    0    3    2    0    0    0    0    0    0    0    0    0    0    0  
  0    0  480    0    0    0    0    0    0    0    0    0    0    0    0    0    0    0    0  
  0    0    0  480    0    0    0    0    0    0    0    0    0    0    0    0    0    0    0  
  0    0    0    0  479    0    0    1    0    0    0    0    0    0    0    0    0    0    0  
  0    0    0    0    0  479    0    1    0    0    0    0    0    0    0    0    0    0    0  
  1   19    0    0    0    0  430   30    0    0    0    0    0    0    0    0    0    0    0  
  0    6    0    0    1    1   50  421    0    0    0    0    0    0    0    0    0    0    1  
  0    0    0    0    0    2    0    0  478    0    0    0    0    0    0    0    0    0    0  
  0    0    0    0    0    0    0    0    0  479    1    0    0    0    0    0    0    0    0  
  0    0    0    0    0    1    0    0    0    5  474    0    0    0    0    0    0    0    0  
  0    0    0    0    0    0    0    0    0    0    0  479    0    0    0    0    0    0    1  
  0    0    0    0    0    0    0    0    0    0    0    0  480    0    0    0    0    0    0  
  0    0    0    0    0    0    0    0    0    0    0    0    0  479    0    0    0    0    1  
  0    0    0    0    0    0    0    0    0    0    0    0    0    0  480    0    0    0    0  
  0    0    0    0    0    0    0    0    0    0    0    0    0    0    0  480    0    0    0  
  0    0    0    0    0    0    0    0    0    0    0    0    0    0    0    0  480    0    0  
  0    0    0    0    0    0    0    0    0    0    0    0    0    0    0    0    0  480    0  
  0    0    0    0    0    1    0    6    0    0    0    0    0    0    0    0    0    0  473  
0.9848684210526315 ±0.0024907492744738057

MLPClassifier(activation='relu', alpha=0.0001, batch_size='auto', beta_1=0.9,
       beta_2=0.999, early_stopping=False, epsilon=1e-08,
       hidden_layer_sizes=(100,), learning_rate='constant',
       learning_rate_init=0.001, max_iter=200, momentum=0.9,
       nesterovs_momentum=True, power_t=0.5, random_state=None,
       shuffle=True, solver='adam', tol=0.0001, validation_fraction=0.1,
       verbose=False, warm_start=False)
2018-03-29 16:16:36.500073
2018-03-29 16:16:40.698644
2018-03-29 16:16:44.504270
2018-03-29 16:16:47.836158
2018-03-29 16:16:52.600306
2018-03-29 16:16:54.595535
2018-03-29 16:16:59.110502
2018-03-29 16:17:02.326119
2018-03-29 16:17:07.097875
2018-03-29 16:17:12.080312
479    0    1    0    0    0    0    0    0    0    0    0    0    0    0    0    0    0    0  
  0  471    0    0    0    0    8    1    0    0    0    0    0    0    0    0    0    0    0  
  1    0  479    0    0    0    0    0    0    0    0    0    0    0    0    0    0    0    0  
  0    0    0  480    0    0    0    0    0    0    0    0    0    0    0    0    0    0    0  
  0    0    0    0  479    0    0    1    0    0    0    0    0    0    0    0    0    0    0  
  0    0    0    0    0  480    0    0    0    0    0    0    0    0    0    0    0    0    0  
  0   11    0    0    0    0  440   29    0    0    0    0    0    0    0    0    0    0    0  
  0    3    0    0    1    1   47  427    0    0    0    0    0    0    0    0    0    0    1  
  0    0    0    0    0    1    0    0  479    0    0    0    0    0    0    0    0    0    0  
  0    0    0    0    0    0    0    0    0  478    2    0    0    0    0    0    0    0    0  
  0    0    0    0    0    0    0    0    0    2  478    0    0    0    0    0    0    0    0  
  0    0    0    0    0    0    0    0    0    0    0  480    0    0    0    0    0    0    0  
  0    0    0    0    0    0    0    0    0    0    0    0  480    0    0    0    0    0    0  
  0    0    0    0    0    0    0    0    0    0    0    0    1  478    0    0    0    0    1  
  0    0    0    0    0    0    0    0    0    0    0    0    0    0  480    0    0    0    0  
  0    0    0    0    1    0    0    0    0    0    0    0    0    0    0  479    0    0    0  
  0    0    0    0    0    0    0    0    0    0    0    0    0    0    0    0  480    0    0  
  0    0    0    0    0    0    0    0    0    0    0    0    0    0    0    0    0  480    0  
  0    0    0    0    0    1    0    3    0    0    0    0    0    0    0    0    0    0  476  
0.9871710526315789 ±0.0027324420601704115
