LogisticRegression(C=1.0, class_weight=None, dual=False, fit_intercept=True,
          intercept_scaling=1, max_iter=100, multi_class='ovr', n_jobs=1,
          penalty='l2', random_state=None, solver='liblinear', tol=0.0001,
          verbose=0, warm_start=False)
2018-03-29 14:58:29.773591
2018-03-29 14:58:31.511301
2018-03-29 14:58:33.168911
2018-03-29 14:58:34.958119
2018-03-29 14:58:36.654757
2018-03-29 14:58:38.507000
2018-03-29 14:58:40.201137
2018-03-29 14:58:41.949350
2018-03-29 14:58:43.670004
2018-03-29 14:58:45.329617
421    2   21   23    0    0    2    6    0    0    0    0    0    0    5    0    0    0    0  
  0  457    0    4    0    0    9    7    0    1    0    0    0    0    2    0    0    0    0  
 10    2  457    3    0    0    2    3    0    0    0    0    0    1    0    0    0    1    1  
 18    7   11  432    0    0    4    3    0    0    2    0    0    0    1    0    2    0    0  
  0    0    0    0  465    1    0    6    6    0    2    0    0    0    0    0    0    0    0  
  0    0    0    0    0  465    1    4   10    0    0    0    0    0    0    0    0    0    0  
 26   38    0    5    0    2  379   24    0    0    0    0    0    0    5    0    1    0    0  
  9    9    4    8   10    5   43  370    1    0    1    0    0    0    3    2    3    0   12  
  0    1    0    0    7    4    0    1  464    1    0    0    0    0    0    0    1    0    1  
  0    0    0    0    0    0    0    0    1  439   36    0    0    0    0    0    0    0    4  
  0    0    0    0    0    0    0    1   10   24  437    0    5    0    0    0    0    0    3  
  0    0    0    0    0    0    0    0    0    0    0  477    0    0    0    1    1    0    1  
  0    0    0    0    0    0    0    1    0    1    4    0  469    2    0    0    0    0    3  
  0    0    0    0    0    0    0    1    0    0    0    0    0  477    1    0    0    0    1  
  6    1    1    0    0    0    3   15    0    0    0    1    0    0  425   27    0    0    1  
  1    0    0    0    0    0    0    8    0    0    1    0    0    0   16  453    0    0    1  
  0    0    0    0    0    0    0    1    0    0    0    0    0    0    0    0  479    0    0  
  0    0    0    0    0    1    0    0    0    0    0    0    0    0    0    0    0  479    0  
  0    0    0    0    1    1    0   11    0    1    0    0    0    0    0    0    1    1  464  
0.9330043859649122 ±0.009476247419654606

KNeighborsClassifier(algorithm='auto', leaf_size=30, metric='minkowski',
           metric_params=None, n_jobs=1, n_neighbors=7, p=2,
           weights='uniform')
2018-03-29 14:58:47.031760
2018-03-29 14:58:47.224930
2018-03-29 14:58:47.437573
2018-03-29 14:58:47.633204
2018-03-29 14:58:47.837340
2018-03-29 14:58:48.047983
2018-03-29 14:58:48.248617
2018-03-29 14:58:48.466765
2018-03-29 14:58:48.672901
2018-03-29 14:58:48.876037
471    1    1    2    0    0    1    3    0    0    0    0    0    0    1    0    0    0    0  
  0  467    0    1    1    0    6    5    0    0    0    0    0    0    0    0    0    0    0  
 12    3  459    3    0    0    0    2    0    0    0    0    0    0    0    0    0    0    1  
  4    4    0  470    0    0    0    1    0    0    0    0    0    0    1    0    0    0    0  
  0    0    0    0  470    1    0    3    5    0    1    0    0    0    0    0    0    0    0  
  0    0    0    0    0  476    0    2    2    0    0    0    0    0    0    0    0    0    0  
 24   37    0    6    1    0  389   21    0    0    0    0    0    0    2    0    0    0    0  
  6    8    2    4    7    7   50  380    1    0    0    0    0    0    4    2    4    0    5  
  0    0    0    0    2    4    0    1  471    0    0    0    0    0    0    0    1    0    1  
  0    0    0    0    2    0    0    3    0  469    6    0    0    0    0    0    0    0    0  
  0    0    0    0    0    0    0    2    0   12  464    0    1    0    0    0    0    0    1  
  0    0    0    0    0    0    0    1    0    0    0  479    0    0    0    0    0    0    0  
  0    0    0    0    0    0    0    0    0    0    1    0  476    0    0    0    0    0    3  
  0    0    0    0    1    0    0    1    0    0    0    0    0  478    0    0    0    0    0  
  1    0    0    0    0    0    0   11    0    0    0    0    0    0  467    1    0    0    0  
  0    0    0    0    1    0    0    8    0    0    0    0    0    0   14  457    0    0    0  
  0    0    0    0    0    0    0    1    0    0    0    0    0    0    0    0  479    0    0  
  0    0    0    0    0    0    0    0    0    0    0    0    0    0    0    0    0  480    0  
  0    0    0    0    2    0    0   20    0    0    0    0    0    0    1    0    1    1  455  
0.9601973684210527 ±0.007274126443255245

GaussianNB(priors=None)
2018-03-29 14:58:49.083679
2018-03-29 14:58:49.137713
2018-03-29 14:58:49.218266
2018-03-29 14:58:49.268801
2018-03-29 14:58:49.322337
2018-03-29 14:58:49.378875
2018-03-29 14:58:49.429409
2018-03-29 14:58:49.478443
2018-03-29 14:58:49.528476
2018-03-29 14:58:49.579509
422    1   34    6    0    0    3   10    0    0    0    0    0    0    4    0    0    0    0  
  0  456    0    1    0    0   13   10    0    0    0    0    0    0    0    0    0    0    0  
  4    3  450   12    0    0    0    9    0    0    0    0    0    0    1    0    0    0    1  
 20    3   33  414    0    0    1    7    0    0    0    0    0    0    2    0    0    0    0  
  0    0    0    0  458    2    0   14    6    0    0    0    0    0    0    0    0    0    0  
  0    0    0    0    0  460    0   10   10    0    0    0    0    0    0    0    0    0    0  
 28   46    0    5    0    0  378   22    0    0    0    0    0    0    1    0    0    0    0  
 10    9    1    2    4    3   47  397    0    0    0    0    0    0    1    1    2    0    3  
  0    0    0    0    6    3    0    5  464    0    0    0    0    0    0    0    0    0    2  
  0    0    0    0    0    0    0   10    1  432   34    0    2    0    0    0    0    0    1  
  0    0    0    0    0    0    0    7    9   18  441    0    3    0    0    0    0    0    2  
  0    0    0    0    0    0    0    4    0    0    0  475    0    0    0    0    0    0    1  
  0    0    0    0    0    0    0    4    0    0    1    0  470    0    1    0    0    0    4  
  0    0    0    0    0    0    0    2    0    0    0    0    0  474    2    1    0    0    1  
  1    0    0    0    0    0    0   20    0    0    0    0    0    0  435   24    0    0    0  
  0    0    0    0    0    0    0   15    1    0    0    0    0    0   18  446    0    0    0  
  0    0    0    0    0    0    0    2    0    0    0    0    0    0    0    0  478    0    0  
  0    0    0    0    0    1    0    0    0    0    0    0    0    0    0    0    0  479    0  
  0    0    0    0    1    0    0   26    0    0    0    0    0    0    0    0    0    0  453  
0.9300438596491227 ±0.0070687550268799006

DecisionTreeClassifier(class_weight=None, criterion='gini', max_depth=None,
            max_features=None, max_leaf_nodes=None,
            min_impurity_split=1e-07, min_samples_leaf=1,
            min_samples_split=2, min_weight_fraction_leaf=0.0,
            presort=False, random_state=None, splitter='best')
2018-03-29 14:58:49.637096
2018-03-29 14:58:50.011744
2018-03-29 14:58:50.373486
2018-03-29 14:58:50.736304
2018-03-29 14:58:51.093042
2018-03-29 14:58:51.465793
2018-03-29 14:58:51.810023
2018-03-29 14:58:52.180825
2018-03-29 14:58:52.547572
2018-03-29 14:58:52.911044
387    4   22   21    1    1   20   18    0    0    0    0    0    0    5    1    0    0    0  
  5  380    2   10    0    0   56   16    3    0    0    1    1    0    3    1    0    0    2  
 21    0  438    8    0    0    4    0    0    0    1    0    0    0    6    0    0    0    2  
 16   10    6  430    0    1    6    9    0    0    0    0    0    0    0    1    0    1    0  
  1    2    0    0  447    1    1    7   12    3    1    0    0    1    0    1    0    0    3  
  0    0    0    1    6  439    2   15    9    0    2    0    0    0    1    0    0    2    3  
 16   62    1   12    0    0  324   60    0    0    1    0    1    0    3    0    0    0    0  
 12   14    4    1   12   14   71  289    4    5    3    0    2    0   18   15    4    0   12  
  0    5    0    0   12    9    0    2  442    2    4    0    0    0    1    0    1    1    1  
  1    0    0    0    3    0    0    6    2  423   36    0    3    0    2    1    0    0    3  
  0    1    1    0    2    0    1    2    3   46  410    0    9    0    1    0    1    0    3  
  0    0    0    0    0    0    0    0    0    0    0  476    0    0    1    0    1    1    1  
  1    0    0    0    2    0    0    1    1    0   10    1  459    0    2    0    0    0    3  
  0    0    0    0    0    0    0    1    0    0    0    0    0  477    0    0    0    0    2  
  6    4    3    1    0    1    4   22    2    2    0    1    5    1  388   36    0    2    2  
  1    1    0    1    2    0    0    5    2    2    0    0    0    1   34  429    0    0    2  
  1    0    0    0    1    0    1    3    1    0    0    0    2    0    0    0  471    0    0  
  0    0    1    0    0    1    0    1    3    0    1    3    0    0    1    0    0  465    4  
  1    0    0    0    3    5    1   18    3    3    1    2    4    0    3    2    0    3  431  
0.8777412280701755 ±0.011883152544860822

RandomForestClassifier(bootstrap=True, class_weight=None, criterion='gini',
            max_depth=None, max_features='auto', max_leaf_nodes=None,
            min_impurity_split=1e-07, min_samples_leaf=1,
            min_samples_split=2, min_weight_fraction_leaf=0.0,
            n_estimators=10, n_jobs=1, oob_score=False, random_state=None,
            verbose=0, warm_start=False)
2018-03-29 14:58:53.288295
2018-03-29 14:58:53.771620
2018-03-29 14:58:54.220921
2018-03-29 14:58:54.683231
2018-03-29 14:58:55.143539
2018-03-29 14:58:55.621361
2018-03-29 14:58:56.084170
2018-03-29 14:58:56.568996
2018-03-29 14:58:57.021801
2018-03-29 14:58:57.478605
447    3   11    3    0    0    3   10    0    0    0    0    1    0    2    0    0    0    0  
  1  445    0    3    1    1   19    9    0    0    0    0    0    0    0    1    0    0    0  
 13    3  458    1    0    0    0    1    0    0    0    0    0    1    2    0    0    0    1  
 14    7    3  450    0    0    2    3    0    0    0    0    0    0    1    0    0    0    0  
  0    2    0    0  461    1    0    7    7    0    1    0    0    0    0    1    0    0    0  
  0    0    0    0    4  464    0    6    5    0    0    0    0    0    0    0    0    1    0  
 29   44    0    6    0    2  366   32    0    0    0    0    0    0    1    0    0    0    0  
  7   13    3    6    6    7   59  358    0    0    2    0    0    0    6    1    2    0   10  
  0    0    0    0    8    5    0    1  464    0    0    0    0    0    1    0    1    0    0  
  0    0    0    0    3    0    0    2    0  451   21    0    0    0    0    0    0    0    3  
  0    0    0    0    1    1    0    3    3   27  440    0    4    0    0    0    1    0    0  
  0    0    0    0    0    0    0    0    0    0    0  480    0    0    0    0    0    0    0  
  1    0    0    0    0    1    0    1    0    1    2    0  471    0    0    0    0    0    3  
  0    0    0    1    0    0    0    2    0    0    0    0    0  476    0    0    0    1    0  
  3    3    0    0    0    0    1   14    0    0    0    1    0    0  447   10    0    0    1  
  1    1    0    0    1    0    0   10    0    0    0    0    0    0   24  443    0    0    0  
  0    0    0    0    0    0    0    1    0    0    0    0    0    0    0    0  479    0    0  
  0    0    0    0    0    2    0    0    1    0    0    0    0    0    0    0    0  477    0  
  0    0    0    0    4    1    0   19    0    0    0    1    1    0    1    0    0    0  453  
0.9353070175438596 ±0.00850752839529422

SVC(C=1.0, cache_size=200, class_weight=None, coef0=0.0,
  decision_function_shape=None, degree=3, gamma='auto', kernel='rbf',
  max_iter=-1, probability=False, random_state=None, shrinking=True,
  tol=0.001, verbose=False)
2018-03-29 14:58:57.942436
2018-03-29 14:58:59.733779
2018-03-29 14:59:01.535528
2018-03-29 14:59:03.312720
2018-03-29 14:59:05.067899
2018-03-29 14:59:06.829143
2018-03-29 14:59:08.614893
2018-03-29 14:59:10.394151
2018-03-29 14:59:12.198883
2018-03-29 14:59:13.970121
467    0    1    0    0    0    3    8    0    0    0    0    0    0    0    0    0    0    1  
  0  463    0    0    0    0   12    5    0    0    0    0    0    0    0    0    0    0    0  
  7    1  461    0    0    0    1    6    0    0    0    0    0    0    0    0    0    0    4  
  6    0    0  469    0    0    1    3    0    0    0    0    0    0    0    0    0    0    1  
  0    0    0    0  469    1    0    5    3    0    1    0    0    0    0    0    0    0    1  
  0    0    0    0    0  473    0    6    1    0    0    0    0    0    0    0    0    0    0  
 22   26    0    2    0    0  399   30    0    0    0    0    0    0    1    0    0    0    0  
  3    7    0    0    4    2   41  411    0    0    0    0    0    0    2    0    1    0    9  
  0    0    0    0    2    3    0    3  472    0    0    0    0    0    0    0    0    0    0  
  0    0    0    0    1    0    0    1    0  462    9    0    0    0    0    0    0    0    7  
  0    0    0    0    0    0    0    1    0    5  469    0    1    0    0    0    0    0    4  
  0    0    0    0    0    0    0    0    0    0    0  478    0    0    0    0    0    0    2  
  0    0    0    0    0    0    0    0    0    0    2    0  474    0    0    0    0    0    4  
  0    0    0    0    0    0    0    2    0    0    0    0    0  475    0    0    0    0    3  
  0    0    0    0    0    0    0   16    0    0    0    0    0    0  460    1    0    0    3  
  0    0    0    0    0    0    0   11    0    0    0    0    0    0   13  455    0    0    1  
  0    0    0    0    0    0    0    1    0    0    0    0    0    0    0    0  478    0    1  
  0    0    0    0    0    0    0    0    0    0    0    0    0    0    0    0    0  479    1  
  0    0    0    0    2    0    0   12    0    0    0    0    0    0    0    0    0    0  466  
0.9627192982456142 ±0.0062797460803843816

LinearSVC(C=1.0, class_weight=None, dual=True, fit_intercept=True,
     intercept_scaling=1, loss='squared_hinge', max_iter=1000,
     multi_class='ovr', penalty='l2', random_state=None, tol=0.0001,
     verbose=0)
2018-03-29 14:59:15.749313
2018-03-29 14:59:17.647087
2018-03-29 14:59:19.531351
2018-03-29 14:59:21.394646
2018-03-29 14:59:23.242885
2018-03-29 14:59:25.078711
2018-03-29 14:59:26.938958
2018-03-29 14:59:28.758279
2018-03-29 14:59:30.611079
2018-03-29 14:59:32.465848
428    1   19   19    0    0    3    5    0    0    0    0    0    0    5    0    0    0    0  
  0  455    0    4    0    0    9    8    0    1    0    0    0    0    3    0    0    0    0  
 12    1  456    4    0    0    2    3    0    0    0    0    0    0    0    0    0    1    1  
 18    5    6  436    0    0    5    5    0    0    2    0    0    0    2    0    1    0    0  
  0    0    0    0  465    1    0    6    6    0    2    0    0    0    0    0    0    0    0  
  0    0    0    0    0  466    1    4    9    0    0    0    0    0    0    0    0    0    0  
 26   37    0    5    1    2  380   24    0    0    0    0    0    0    5    0    0    0    0  
  8    9    4    8    9    3   47  372    0    0    1    0    0    0    4    2    1    0   12  
  0    1    0    0    9    4    0    1  462    1    0    0    0    0    0    0    1    0    1  
  0    0    0    0    0    0    1    2    1  438   36    0    0    0    0    0    0    0    2  
  0    0    0    0    0    0    0    3    9   23  438    0    4    0    0    0    0    0    3  
  0    0    0    0    0    0    0    0    0    0    0  479    0    0    0    0    0    0    1  
  0    0    0    0    0    0    0    1    0    1    3    0  469    2    0    0    0    0    4  
  0    0    0    0    0    0    0    2    0    0    0    0    0  477    1    0    0    0    0  
  7    1    1    0    0    0    3   17    0    0    0    0    1    0  422   27    0    0    1  
  1    0    0    0    0    0    1    8    0    0    1    1    0    0   14  453    0    0    1  
  0    0    0    0    0    0    0    1    0    0    0    0    0    0    0    0  479    0    0  
  0    0    0    0    0    0    0    0    0    0    0    0    0    0    0    0    0  480    0  
  0    0    0    0    1    0    0   11    0    1    0    0    0    1    0    0    1    1  464  
0.9341008771929824 ±0.008709343615048491

MLPClassifier(activation='relu', alpha=0.0001, batch_size='auto', beta_1=0.9,
       beta_2=0.999, early_stopping=False, epsilon=1e-08,
       hidden_layer_sizes=(100,), learning_rate='constant',
       learning_rate_init=0.001, max_iter=200, momentum=0.9,
       nesterovs_momentum=True, power_t=0.5, random_state=None,
       shuffle=True, solver='adam', tol=0.0001, validation_fraction=0.1,
       verbose=False, warm_start=False)
2018-03-29 14:59:34.313588
2018-03-29 14:59:42.719537
2018-03-29 14:59:46.123250
2018-03-29 14:59:58.349383
2018-03-29 15:00:10.414973
2018-03-29 15:00:23.015595
2018-03-29 15:00:34.276647
2018-03-29 15:00:42.457463
2018-03-29 15:00:54.648264
2018-03-29 15:01:00.154522
455    0    7    2    0    0    7    6    0    0    0    0    0    0    3    0    0    0    0  
  1  450    0    2    0    0   20    6    0    0    0    0    0    0    1    0    0    0    0  
  7    0  465    3    0    0    1    2    0    0    0    0    1    0    0    0    1    0    0  
  2    0    2  471    0    0    2    3    0    0    0    0    0    0    0    0    0    0    0  
  0    0    0    0  465    0    0    5    7    1    0    0    0    0    0    0    0    0    2  
  0    0    0    0    0  474    0    5    1    0    0    0    0    0    0    0    0    0    0  
 13   21    0    2    1    0  403   39    0    0    0    0    0    0    1    0    0    0    0  
  5    7    2    2    4    2   44  386    1    1    1    0    0    0    8    4    1    0   12  
  0    0    0    0    3    3    0    2  472    0    0    0    0    0    0    0    0    0    0  
  0    0    0    0    0    0    0    0    1  464   12    0    0    0    0    0    0    0    3  
  0    0    1    0    0    0    0    0    2   13  458    0    3    0    0    0    0    0    3  
  0    0    0    0    0    0    0    0    0    0    0  478    0    0    0    1    0    0    1  
  0    0    0    0    0    0    0    0    0    0    4    0  472    0    0    1    0    0    3  
  0    0    0    0    0    0    0    1    0    0    0    0    0  477    1    1    0    0    0  
  1    0    2    0    0    0    0    8    0    0    0    0    0    0  465    4    0    0    0  
  0    0    0    0    0    0    0    3    1    0    1    1    0    0    7  467    0    0    0  
  0    0    0    0    0    0    0    0    0    0    0    0    0    0    0    0  479    0    1  
  0    0    0    0    0    0    0    0    0    0    0    0    0    0    0    0    0  480    0  
  0    0    0    0    0    0    0   13    0    1    0    0    3    1    1    0    1    0  460  
0.9584429824561405 ±0.0065688885091009655


Process finished with exit code 0
