GAUSSIAN_NB:
415    0   62    0    0    0    1    1    0    0    0    0    0    0    1    0    0    0    0  
  0  393    0    0    1    1   75   10    0    0    0    0    0    0    0    0    0    0    0  
 11    0  445   18    0    0    0    3    0    0    0    0    0    0    3    0    0    0    0  
  0    0    0  480    0    0    0    0    0    0    0    0    0    0    0    0    0    0    0  
  0    0    0    0  454    2    0    9    6    0    2    0    7    0    0    0    0    0    0  
  0    0    0    0    1  433    0   29   15    0    0    0    2    0    0    0    0    0    0  
 24   86    0    0    0    1  326   43    0    0    0    0    0    0    0    0    0    0    0  
  5   10    0    0    1    9   74  364    2    0    0    0    5    7    0    0    0    0    3  
  0    0    0    0    1    3    0    0  414   38    3    0   20    1    0    0    0    0    0  
  0    0    0    0    0    0    0    0   85  314   80    0    0    1    0    0    0    0    0  
  0    0    0    0    3    0    0    0  110  126  191    0   49    1    0    0    0    0    0  
  0    0    0    0    0    0    0    0    0    0    0  476    0    0    0    0    0    4    0  
  0    0    0    0   16    0    0    6   17    1   11    0  405   24    0    0    0    0    0  
  0    0    0    0    0    0    0    0    1    0    7    1   12  453    6    0    0    0    0  
  0    0    0    0    0    0    0    2    0    0    0    0    7    0  385   86    0    0    0  
  0    0    0    0    0    0    0    0    0    0    0    0    1    0   59  419    0    0    1  
  0    0    0    0    0    0    0    1    0    0    0    0    0    0    1    0  478    0    0  
  0    0    0    0    0   25    0    0    0    0    0    2    0    0    0    0    0  432   21  
  0    0    0    0    1    3    0   13    0    0    3    2    6    3    0    0    0    0  449  
0.847149122807 ±0.0136705678733

LOGISTIC_REGRESSION:
427    0   52    0    0    0    0    0    0    0    0    0    1    0    0    0    0    0    0  
  0  438    0    0    0    0   37    5    0    0    0    0    0    0    0    0    0    0    0  
  0    0  480    0    0    0    0    0    0    0    0    0    0    0    0    0    0    0    0  
  0    0    0  480    0    0    0    0    0    0    0    0    0    0    0    0    0    0    0  
  0    0    0    0  480    0    0    0    0    0    0    0    0    0    0    0    0    0    0  
  0    0    0    0    0  467    0    5    8    0    0    0    0    0    0    0    0    0    0  
  3   88    0    0    3    5  340   39    0    0    0    0    2    0    0    0    0    0    0  
  0    9    0    0    4   17   49  373    1    0    0    0    7    3    0    1    0    0   16  
  0    0    0    0    5    5    0    0  426   10   12    0   20    2    0    0    0    0    0  
  0    0    0    0    1    0    0    0   25  361   92    0    1    0    0    0    0    0    0  
  0    0    0    0    1    0    0    0   31  108  326    0   14    0    0    0    0    0    0  
  0    0    0    0    0    0    0    0    0    0    0  479    0    0    0    0    0    1    0  
  0    0    0    1    2    0    0    8    3    0    7    0  448    9    0    2    0    0    0  
  0    0    0    0    0    0    0    0    0    0    0    3    3  474    0    0    0    0    0  
  0    0    0    0    0    0    0    0    0    0    0    0    0    0  480    0    0    0    0  
  0    0    0    0    2    0    0    0    0    0    3    0    0    2    5  467    0    1    0  
  0    0    0    0    0    0    0    0    0    0    0    0    0    0    0    0  480    0    0  
  0    0    0    0    0    1    0    0    0    0    0    0    0    0    0    0    0  479    0  
  0    0    0    0    0    2    0   12    0    0    0    0    1    0    0    0    0    0  465  
0.917763157895 ±0.00813179658673

MLP_CLASSIFIER:
480    0    0    0    0    0    0    0    0    0    0    0    0    0    0    0    0    0    0  
  0  458    0    0    0    0   16    6    0    0    0    0    0    0    0    0    0    0    0  
  0    0  480    0    0    0    0    0    0    0    0    0    0    0    0    0    0    0    0  
  0    0    0  480    0    0    0    0    0    0    0    0    0    0    0    0    0    0    0  
  0    0    0    0  480    0    0    0    0    0    0    0    0    0    0    0    0    0    0  
  0    0    0    0    0  474    0    2    3    0    0    0    0    0    0    0    0    1    0  
  0   32    0    0    1    0  413   34    0    0    0    0    0    0    0    0    0    0    0  
  0    3    1    0    1    4   45  414    0    0    0    0    5    1    0    0    0    0    6  
  0    0    0    0    1    2    0    0  475    2    0    0    0    0    0    0    0    0    0  
  0    0    0    0    0    0    0    0    0  470    9    0    1    0    0    0    0    0    0  
  0    0    0    0    0    0    0    0    2    3  474    0    0    0    0    0    0    0    1  
  0    0    0    0    0    0    0    0    0    0    0  480    0    0    0    0    0    0    0  
  0    0    0    0    0    0    0    3    0    0    1    0  475    0    0    0    0    1    0  
  0    0    0    0    0    0    0    0    0    0    0    1    2  477    0    0    0    0    0  
  0    0    0    0    0    0    0    0    0    0    0    0    0    0  480    0    0    0    0  
  0    0    0    0    0    0    0    0    0    0    0    0    0    0    4  475    0    1    0  
  0    0    0    0    0    0    0    0    0    0    0    0    0    0    0    0  480    0    0  
  0    0    0    0    0    0    0    0    0    1    0    0    0    0    0    0    0  479    0  
  0    0    0    0    0    2    0    7    0    0    0    0    0    0    0    0    0    0  471  
0.978399122807 ±0.00495366535003

RANDOM_FOREST:
476    0    4    0    0    0    0    0    0    0    0    0    0    0    0    0    0    0    0  
  0  419    0    0    0    1   54    6    0    0    0    0    0    0    0    0    0    0    0  
  4    0  474    0    0    1    0    1    0    0    0    0    0    0    0    0    0    0    0  
  0    0    0  480    0    0    0    0    0    0    0    0    0    0    0    0    0    0    0  
  0    0    0    0  461    4    0    9    2    0    1    0    3    0    0    0    0    0    0  
  0    0    0    0    4  456    0    4   12    0    0    0    1    0    0    0    0    0    3  
  2   91    0    0    0    1  344   42    0    0    0    0    0    0    0    0    0    0    0  
  1   24    0    1    8   11   74  351    0    0    0    0    2    1    0    0    0    0    7  
  0    0    0    0    4    4    0    1  466    1    2    0    2    0    0    0    0    0    0  
  0    0    0    0    0    0    0    0   21  444   15    0    0    0    0    0    0    0    0  
  0    0    0    0    0    0    0    0    6   36  434    0    2    2    0    0    0    0    0  
  0    0    0    0    0    0    0    0    0    0    0  479    0    0    0    0    0    1    0  
  0    0    1    0    7    2    0    9    6    1    6    0  441    4    0    1    0    0    2  
  0    0    0    0    0    0    0    2    3    0    4    2    7  460    0    1    0    0    1  
  5    0    0    0    0    2    0    0    0    0    2    1    0    0  463    7    0    0    0  
  1    0    1    0    2    1    0    0    0    0    0    0    0    1   33  441    0    0    0  
  0    0    0    0    0    0    0    1    0    0    0    0    0    0    0    0  479    0    0  
  0    1    0    0    0    3    1    0    0    0    0    3    0    0    0    0    0  472    0  
  0    0    0    0    3    8    0   11    0    0    0    1    7    1    0    0    0    2  447  
0.929714912281 ±0.00852799533129

LINEAR_SVC:
465    0   12    0    0    0    1    0    0    0    0    0    2    0    0    0    0    0    0  
  0  455    0    0    0    0   22    3    0    0    0    0    0    0    0    0    0    0    0  
  0    0  480    0    0    0    0    0    0    0    0    0    0    0    0    0    0    0    0  
  0    0    0  480    0    0    0    0    0    0    0    0    0    0    0    0    0    0    0  
  0    0    0    0  480    0    0    0    0    0    0    0    0    0    0    0    0    0    0  
  0    0    0    0    0  470    0    4    6    0    0    0    0    0    0    0    0    0    0  
  5   51    0    0    4    1  383   33    0    0    0    0    2    0    0    0    0    1    0  
  0   10    0    0    2   18   53  366    0    0    0    0    7    3    0    1    0    1   19  
  0    1    0    0    5    5    0    0  427   11    9    0   19    2    0    0    0    0    1  
  0    0    0    0    1    0    0    0   21  381   71    1    3    0    0    0    0    0    2  
  0    0    0    0    1    0    0    0   19  105  347    0    8    0    0    0    0    0    0  
  0    0    0    0    0    0    0    0    0    0    0  479    0    0    0    0    0    1    0  
  0    0    0    3    1    0    0    7    6    0    2    1  452    5    0    3    0    0    0  
  0    0    0    0    0    0    0    0    0    0    0    2    2  476    0    0    0    0    0  
  0    0    0    0    0    0    0    0    0    0    0    0    0    0  480    0    0    0    0  
  0    0    0    0    1    0    0    0    0    0    2    0    0    2    3  470    1    1    0  
  0    0    0    0    0    0    0    0    0    0    0    0    0    0    0    0  480    0    0  
  0    0    0    0    0    0    0    0    0    0    0    0    0    0    0    0    0  480    0  
  0    0    0    0    0    1    0   10    0    0    0    1    1    0    0    0    0    0  467  
0.934100877193 ±0.00515350877193

KNN:
478    0    2    0    0    0    0    0    0    0    0    0    0    0    0    0    0    0    0  
  0  449    0    0    0    1   30    0    0    0    0    0    0    0    0    0    0    0    0  
  2    0  477    0    0    0    0    1    0    0    0    0    0    0    0    0    0    0    0  
  0    0    0  480    0    0    0    0    0    0    0    0    0    0    0    0    0    0    0  
  0    0    0    0  476    0    0    0    2    0    2    0    0    0    0    0    0    0    0  
  0    0    0    0    0  475    0    0    5    0    0    0    0    0    0    0    0    0    0  
  0   99    0    0    1    1  362   17    0    0    0    0    0    0    0    0    0    0    0  
  0   33    0    0    2   34  100  308    0    0    0    0    0    0    0    0    0    0    3  
  0    0    0    0    2    3    0    0  466    4    5    0    0    0    0    0    0    0    0  
  0    0    0    0    0    0    0    0    3  467   10    0    0    0    0    0    0    0    0  
  0    0    0    0    0    0    0    0    7   50  422    0    1    0    0    0    0    0    0  
  0    0    0    0    0    0    0    0    0    0    0  480    0    0    0    0    0    0    0  
  0    0    0    0    3    1    0    0    2    6    5    0  459    4    0    0    0    0    0  
  0    0    0    0    1    0    0    0    0    1    2    1    1  472    0    0    0    0    2  
  0    0    0    0    0    0    0    0    0    0    0    0    0    0  470   10    0    0    0  
  0    0    0    0    0    0    0    0    0    0    0    0    1    1   23  454    0    0    1  
  0    0    0    0    0    0    0    0    0    0    0    0    0    0    0    0  480    0    0  
  0    0    0    0    0    0    0    0    0    0    0    0    0    0    0    0    0  480    0  
  0    0    0    0    0    6    0   11    0    0    0    1    0    0    0    0    0    4  458  
0.944407894737 ±0.00512074317054

SVC:
480    0    0    0    0    0    0    0    0    0    0    0    0    0    0    0    0    0    0  
  0  453    0    0    0    0   25    2    0    0    0    0    0    0    0    0    0    0    0  
  3    0  477    0    0    0    0    0    0    0    0    0    0    0    0    0    0    0    0  
  0    0    0  480    0    0    0    0    0    0    0    0    0    0    0    0    0    0    0  
  0    0    0    0  477    0    0    1    0    0    2    0    0    0    0    0    0    0    0  
  0    0    0    0    0  474    0    2    4    0    0    0    0    0    0    0    0    0    0  
  0   64    0    0    0    0  399   17    0    0    0    0    0    0    0    0    0    0    0  
  0   10    0    0    2    9   61  397    0    0    0    0    0    0    0    0    0    0    1  
  0    0    0    0    0    1    0    0  476    3    0    0    0    0    0    0    0    0    0  
  0    0    0    0    0    0    0    0    0  466   14    0    0    0    0    0    0    0    0  
  0    0    0    0    0    0    0    0    2   17  460    0    1    0    0    0    0    0    0  
  0    0    0    0    0    0    0    0    0    0    0  480    0    0    0    0    0    0    0  
  0    0    0    0    0    0    0    4    1    1    5    0  469    0    0    0    0    0    0  
  0    0    0    0    0    0    0    0    0    0    0    1    1  478    0    0    0    0    0  
  0    0    0    0    0    0    0    0    0    0    0    0    0    0  480    0    0    0    0  
  0    0    0    0    1    0    0    0    0    0    0    0    0    0    1  477    0    1    0  
  0    0    0    0    0    0    0    0    0    0    0    0    0    0    0    0  480    0    0  
  0    0    0    0    0    0    0    0    0    0    0    0    0    0    0    0    0  480    0  
  0    0    0    0    0    1    0    9    0    0    0    1    0    0    0    0    0    0  469  
0.970614035088 ±0.00527684623488

DT:
454    0    8    0    0    0    8    4    0    0    0    0    1    1    1    1    2    0    0  
  1  355    0    0    6    6   83   26    0    0    0    0    1    0    1    1    0    0    0  
  9    0  464    1    0    0    1    1    0    0    0    0    0    0    0    3    1    0    0  
  1    0    0  476    0    0    1    1    0    0    0    0    0    0    1    0    0    0    0  
  0    3    0    0  425    6    1    6    5    0    6    0   16    1    1    2    0    0    8  
  1    3    0    0    9  422    1   10   14    0    1    0    1    1    1    0    0    3   13  
  6   75    1    1    5    1  316   71    1    0    0    0    0    0    0    3    0    0    0  
  3   29    1    0   10   15   62  317    1    0    2    0    6    8    4    2    0    1   19  
  0    0    0    0    9   10    0    0  418   15   13    0   11    0    3    0    0    0    1  
  0    0    0    0    3    0    0    3   20  396   49    0    5    1    1    0    0    1    1  
  0    0    0    0   11    0    0    1   23   59  367    0    5    9    1    3    0    0    1  
  0    0    0    0    0    0    0    0    0    0    0  467    0    1    0    0    0    7    5  
  0    1    0    0    8    4    3    9    8    7    7    0  409    6    0    3    0    0   15  
  0    0    0    0    0    0    0    3    1    0   10    0   11  450    0    0    0    1    4  
  1    1    1    2    2    0    1    0    0    0    1    0    7    0  433   26    2    0    3  
  0    1    0    1    1    1    3    2    2    0    2    0    1    1   32  432    0    1    0  
  1    0    1    0    0    0    1    0    0    0    0    0    1    0    0    1  475    0    0  
  0    0    0    0    0    3    0    0    0    0    0    7    0    0    0    0    0  453   17  
  0    0    0    0   11    8    1   12    2    4    1    2    8    4    2    1    0   11  413  
0.871162280702 ±0.00925545121499

CNN:
0. Training Accuracy: 0.127382 Testing Accuracy: 0.124233
1. Training Accuracy: 0.246575 Testing Accuracy: 0.249187
2. Training Accuracy: 0.288773 Testing Accuracy: 0.298303
3. Training Accuracy: 0.33664 Testing Accuracy: 0.362225
4. Training Accuracy: 0.367816 Testing Accuracy: 0.394366
5. Training Accuracy: 0.3886 Testing Accuracy: 0.418924
6. Training Accuracy: 0.395371 Testing Accuracy: 0.426147
7. Training Accuracy: 0.404818 Testing Accuracy: 0.435536
8. Training Accuracy: 0.433947 Testing Accuracy: 0.462261
9. Training Accuracy: 0.453157 Testing Accuracy: 0.481401
10. Training Accuracy: 0.493623 Testing Accuracy: 0.509931
11. Training Accuracy: 0.526846 Testing Accuracy: 0.537017
12. Training Accuracy: 0.535349 Testing Accuracy: 0.546407
13. Training Accuracy: 0.527004 Testing Accuracy: 0.539906
14. Training Accuracy: 0.527633 Testing Accuracy: 0.546045
15. Training Accuracy: 0.539443 Testing Accuracy: 0.556157
16. Training Accuracy: 0.54889 Testing Accuracy: 0.565547
17. Training Accuracy: 0.572823 Testing Accuracy: 0.583604
18. Training Accuracy: 0.587152 Testing Accuracy: 0.597328
19. Training Accuracy: 0.595497 Testing Accuracy: 0.606717
